1.260000, 0.547697 
1.240000, 0.533604 
1.280000, 0.558607 
1.300000, 0.563225 
1.120000, 0.488549 
1.640000, 0.545460 
1.380000, 0.588426 
1.080000, 0.457031 
1.500000, 0.589862 
1.620000, 0.555445 
1.100000, 0.482841 
1.480000, 0.591751 
1.140000, 0.486911 
1.020000, 0.425564 
1.040000, 0.456117 
1.160000, 0.498817 
1.220000, 0.532359 
1.180000, 0.509933 
1.360000, 0.582597 
1.340000, 0.585105 
1.560000, 0.580077 
1.060000, 0.469954 
1.000000, 0.435464 
1.400000, 0.592000 
1.540000, 0.586871 
1.320000, 0.566695 
1.440000, 0.599244 
1.780000, 0.483760 
1.420000, 0.590656 
1.200000, 0.524871 
1.820000, 0.455787 
1.520000, 0.595502 
1.980000, 0.386125 
1.680000, 0.526551 
1.760000, 0.492732 
1.460000, 0.595095 
1.720000, 0.510165 
1.700000, 0.518264 
1.660000, 0.536395 
1.860000, 0.438995 
1.900000, 0.423172 
1.600000, 0.569296 
1.580000, 0.571557 
1.800000, 0.467675 
1.880000, 0.428342 
1.740000, 0.503242 
1.940000, 0.404666 
1.840000, 0.450153 
1.920000, 0.416091 
1.960000, 0.396141 
1.260200, 0.552920 
1.080200, 0.454134 
1.120200, 0.480357 
1.300200, 0.561364 
1.240200, 0.539689 
1.500200, 0.604574 
1.280200, 0.554914 
1.380200, 0.589584 
1.220200, 0.532542 
1.060200, 0.452557 
1.640200, 0.547280 
1.140200, 0.496227 
1.360200, 0.591989 
1.100200, 0.468306 
1.620200, 0.555038 
1.040200, 0.438131 
1.000200, 0.418401 
1.160200, 0.497475 
1.540200, 0.586128 
1.480200, 0.599882 
1.020200, 0.427472 
1.180200, 0.512773 
1.200200, 0.516727 
1.420200, 0.593731 
1.400200, 0.591171 
1.820200, 0.458032 
1.340200, 0.570534 
1.440200, 0.598464 
1.560200, 0.575545 
1.320200, 0.571972 
1.520200, 0.591736 
1.700200, 0.520679 
1.780200, 0.478969 
1.860200, 0.439647 
1.760200, 0.489363 
1.580200, 0.574933 
1.980200, 0.384896 
1.460200, 0.596994 
1.680200, 0.529302 
1.660200, 0.542118 
1.720200, 0.511944 
1.600200, 0.569418 
1.900200, 0.423671 
1.940200, 0.406315 
1.800200, 0.469092 
1.880200, 0.431864 
1.740200, 0.501289 
1.840200, 0.455037 
1.920200, 0.411621 
1.960200, 0.392765 
1.080400, 0.467366 
1.260400, 0.549008 
1.120400, 0.486685 
1.300400, 0.561984 
1.380400, 0.589311 
1.360400, 0.574945 
1.240400, 0.541827 
1.140400, 0.489319 
1.180400, 0.511178 
1.640400, 0.550599 
1.500400, 0.595026 
1.480400, 0.598773 
1.060400, 0.469371 
1.000400, 0.423308 
1.020400, 0.439733 
1.100400, 0.472703 
1.160400, 0.499135 
1.220400, 0.530095 
1.040400, 0.438581 
1.540400, 0.590205 
1.280400, 0.554452 
1.200400, 0.514356 
1.400400, 0.590994 
1.620400, 0.554165 
1.520400, 0.586434 
1.420400, 0.597011 
1.680400, 0.534295 
1.340400, 0.577909 
1.820400, 0.460290 
1.320400, 0.572743 
1.860400, 0.441656 
1.780400, 0.477524 
1.440400, 0.592273 
1.560400, 0.578524 
1.700400, 0.520055 
1.580400, 0.574775 
1.980400, 0.386534 
1.900400, 0.420661 
1.460400, 0.586130 
1.660400, 0.540642 
1.760400, 0.490040 
1.720400, 0.513159 
1.740400, 0.498606 
1.600400, 0.564406 
1.940400, 0.409065 
1.800400, 0.471857 
1.960400, 0.396784 
1.920400, 0.414558 
1.840400, 0.450961 
1.880400, 0.428852 
1.080600, 0.461174 
1.260600, 0.545444 
1.380600, 0.588513 
1.120600, 0.481197 
1.240600, 0.540283 
1.360600, 0.581963 
1.300600, 0.560238 
1.100600, 0.469717 
1.480600, 0.592583 
1.040600, 0.440210 
1.280600, 0.566353 
1.140600, 0.490160 
1.200600, 0.529101 
1.060600, 0.462470 
1.640600, 0.541042 
1.180600, 0.511498 
1.160600, 0.502889 
1.620600, 0.559153 
1.020600, 0.424071 
1.500600, 0.592173 
1.000600, 0.422975 
1.520600, 0.588519 
1.220600, 0.526655 
1.540600, 0.582608 
1.320600, 0.565471 
1.860600, 0.437322 
1.400600, 0.591483 
1.680600, 0.526708 
1.440600, 0.597075 
1.340600, 0.577546 
1.420600, 0.599623 
1.560600, 0.574524 
1.820600, 0.459174 
1.980600, 0.385609 
1.780600, 0.481895 
1.700600, 0.519752 
1.580600, 0.569113 
1.460600, 0.598002 
1.760600, 0.492273 
1.600600, 0.568245 
1.720600, 0.510877 
1.740600, 0.501785 
1.900600, 0.424676 
1.660600, 0.541885 
1.940600, 0.401865 
1.800600, 0.473668 
1.920600, 0.410222 
1.880600, 0.428459 
1.960600, 0.394006 
1.840600, 0.453570 
1.260800, 0.550703 
1.240800, 0.535535 
1.080800, 0.458681 
1.380800, 0.592275 
1.100800, 0.469634 
1.120800, 0.482130 
1.040800, 0.443891 
1.300800, 0.564892 
1.480800, 0.596572 
1.200800, 0.520071 
1.180800, 0.515473 
1.280800, 0.559206 
1.360800, 0.583887 
1.060800, 0.458072 
1.000800, 0.426052 
1.020800, 0.434215 
1.140800, 0.493115 
1.640800, 0.542875 
1.520800, 0.594941 
1.620800, 0.556063 
1.160800, 0.501836 
1.540800, 0.583097 
1.500800, 0.589482 
1.860800, 0.438168 
1.320800, 0.575395 
1.220800, 0.527382 
1.340800, 0.575149 
1.400800, 0.595925 
1.440800, 0.600015 
1.980800, 0.386939 
1.560800, 0.578758 
1.700800, 0.515986 
1.760800, 0.490750 
1.600800, 0.568766 
1.420800, 0.593367 
1.680800, 0.533055 
1.820800, 0.456750 
1.780800, 0.481007 
1.460800, 0.598760 
1.660800, 0.538095 
1.580800, 0.576014 
1.740800, 0.497984 
1.720800, 0.508262 
1.940800, 0.404832 
1.900800, 0.422209 
1.920800, 0.410588 
1.880800, 0.432332 
1.800800, 0.470309 
1.840800, 0.448830 
1.960800, 0.396340 
1.261000, 0.549166 
1.081000, 0.460535 
1.101000, 0.474735 
1.241000, 0.540278 
1.381000, 0.589461 
1.301000, 0.557605 
1.481000, 0.594293 
1.121000, 0.491239 
1.361000, 0.580698 
1.041000, 0.464047 
1.281000, 0.555746 
1.001000, 0.444184 
1.201000, 0.520601 
1.621000, 0.556968 
1.181000, 0.510180 
1.641000, 0.547054 
1.061000, 0.453280 
1.521000, 0.589061 
1.021000, 0.437102 
1.541000, 0.578636 
1.141000, 0.503269 
1.861000, 0.439817 
1.321000, 0.574170 
1.401000, 0.588568 
1.341000, 0.580845 
1.161000, 0.502087 
1.501000, 0.589605 
1.601000, 0.567505 
1.221000, 0.524547 
1.561000, 0.578958 
1.441000, 0.597983 
1.701000, 0.521785 
1.981000, 0.386899 
1.421000, 0.593754 
1.681000, 0.529965 
1.461000, 0.599916 
1.821000, 0.456875 
1.661000, 0.536529 
1.581000, 0.570039 
1.761000, 0.491314 
1.781000, 0.477186 
1.721000, 0.509545 
1.741000, 0.501742 
1.921000, 0.414640 
1.941000, 0.404321 
1.901000, 0.420231 
1.881000, 0.429761 
1.261200, 0.548876 
1.801000, 0.473067 
1.961000, 0.397921 
1.841000, 0.448016 
1.101200, 0.468620 
1.241200, 0.531004 
1.381200, 0.590618 
1.361200, 0.580507 
1.081200, 0.466252 
1.301200, 0.569869 
1.481200, 0.595018 
1.121200, 0.481970 
1.281200, 0.545468 
1.041200, 0.429208 
1.201200, 0.520125 
1.181200, 0.514753 
1.021200, 0.437483 
1.621200, 0.562867 
1.061200, 0.445919 
1.641200, 0.547118 
1.001200, 0.415234 
1.521200, 0.595614 
1.321200, 0.571742 
1.141200, 0.497024 
1.541200, 0.587068 
1.861200, 0.438648 
1.401200, 0.594096 
1.161200, 0.497026 
1.221200, 0.534010 
1.341200, 0.579432 
1.561200, 0.571588 
1.701200, 0.522543 
1.441200, 0.599405 
1.501200, 0.589684 
1.601200, 0.571064 
1.981200, 0.387312 
1.421200, 0.593412 
1.461200, 0.591344 
1.681200, 0.534167 
1.761200, 0.490059 
1.821200, 0.455488 
1.661200, 0.536800 
1.581200, 0.571010 
1.781200, 0.479802 
1.941200, 0.399994 
1.921200, 0.412664 
1.741200, 0.498299 
1.261400, 0.547442 
1.721200, 0.507137 
1.881200, 0.427300 
1.801200, 0.466307 
1.101400, 0.473939 
1.901200, 0.420886 
1.381400, 0.594162 
1.961200, 0.395039 
1.241400, 0.541609 
1.841200, 0.447112 
1.081400, 0.464927 
1.301400, 0.555124 
1.481400, 0.596327 
1.361400, 0.584299 
1.121400, 0.481603 
1.281400, 0.558205 
1.041400, 0.444869 
1.621400, 0.557057 
1.061400, 0.461358 
1.001400, 0.424838 
1.181400, 0.512998 
1.021400, 0.434369 
1.201400, 0.519647 
1.141400, 0.502853 
1.321400, 0.573824 
1.641400, 0.549950 
1.521400, 0.588744 
1.861400, 0.436435 
1.541400, 0.587801 
1.161400, 0.507268 
1.341400, 0.582832 
1.401400, 0.593988 
1.561400, 0.576711 
1.221400, 0.529001 
1.501400, 0.594679 
1.981400, 0.387766 
1.701400, 0.517124 
1.461400, 0.594131 
1.441400, 0.592601 
1.661400, 0.544225 
1.601400, 0.562309 
1.421400, 0.589757 
1.821400, 0.453191 
1.761400, 0.491406 
1.681400, 0.528082 
1.581400, 0.575972 
1.781400, 0.474742 
1.941400, 0.404819 
1.261600, 0.548370 
1.921400, 0.415681 
1.721400, 0.513232 
1.741400, 0.502437 
1.801400, 0.474928 
1.381600, 0.588071 
1.481600, 0.596953 
1.101600, 0.477801 
1.241600, 0.540864 
1.301600, 0.562255 
1.081600, 0.461148 
1.281600, 0.555075 
1.121600, 0.483376 
1.361600, 0.585723 
1.901400, 0.419804 
1.961400, 0.399393 
1.881400, 0.427707 
1.041600, 0.437594 
1.841400, 0.449794 
1.061600, 0.452322 
1.621600, 0.564858 
1.001600, 0.420532 
1.021600, 0.435669 
1.181600, 0.510021 
1.201600, 0.524340 
1.641600, 0.548055 
1.141600, 0.492388 
1.401600, 0.587234 
1.541600, 0.587868 
1.161600, 0.500137 
1.321600, 0.572371 
1.521600, 0.594721 
1.861600, 0.441004 
1.341600, 0.585169 
1.221600, 0.525764 
1.561600, 0.576502 
1.981600, 0.387043 
1.501600, 0.592306 
1.461600, 0.600304 
1.681600, 0.531554 
1.701600, 0.514364 
1.601600, 0.568506 
1.661600, 0.541854 
1.261800, 0.549599 
1.441600, 0.595826 
1.581600, 0.575699 
1.421600, 0.590879 
1.761600, 0.492766 
1.781600, 0.481413 
1.821600, 0.457231 
1.941600, 0.405441 
1.381800, 0.590328 
1.921600, 0.410958 
1.481800, 0.602449 
1.741600, 0.497018 
1.281800, 0.558122 
1.301800, 0.566352 
1.241800, 0.535095 
1.121800, 0.485878 
1.361800, 0.588630 
1.801600, 0.468352 
1.081800, 0.464711 
1.101800, 0.473772 
1.721600, 0.510508 
1.041800, 0.444970 
1.841600, 0.450289 
1.021800, 0.423059 
1.061800, 0.450795 
1.901600, 0.421675 
1.961600, 0.396977 
1.881600, 0.427804 
1.181800, 0.511909 
1.621800, 0.554461 
1.201800, 0.518826 
1.001800, 0.437490 
1.641800, 0.553274 
1.541800, 0.582358 
1.401800, 0.598699 
1.321800, 0.579884 
1.161800, 0.506140 
1.141800, 0.497970 
1.521800, 0.587953 
1.861800, 0.437122 
1.221800, 0.528123 
1.341800, 0.586327 
1.981800, 0.385787 
1.561800, 0.580240 
1.461800, 0.599514 
1.501800, 0.594465 
1.661800, 0.532965 
1.262000, 0.549933 
1.681800, 0.529692 
1.601800, 0.561700 
1.701800, 0.523681 
1.242000, 0.544483 
1.441800, 0.597650 
1.282000, 0.556592 
1.581800, 0.575024 
1.781800, 0.475349 
1.382000, 0.590321 
1.741800, 0.498662 
1.302000, 0.560777 
1.761800, 0.494674 
1.821800, 0.457374 
1.921800, 0.414146 
1.421800, 0.594679 
1.482000, 0.596422 
1.122000, 0.487052 
1.362000, 0.578696 
1.801800, 0.467837 
1.941800, 0.404000 
1.102000, 0.470624 
1.082000, 0.472828 
1.062000, 0.446508 
1.022000, 0.455067 
1.721800, 0.513330 
1.042000, 0.430743 
1.901800, 0.421988 
1.841800, 0.452038 
1.182000, 0.509921 
1.402000, 0.594029 
1.642000, 0.543713 
1.542000, 0.586314 
1.002000, 0.421296 
1.622000, 0.555188 
1.322000, 0.574078 
1.202000, 0.525204 
1.162000, 0.498845 
1.961800, 0.393142 
1.142000, 0.494378 
1.881800, 0.428709 
1.222000, 0.533172 
1.522000, 0.589027 
1.982000, 0.386458 
1.862000, 0.437079 
1.262200, 0.553900 
1.342000, 0.580626 
1.502000, 0.598341 
1.562000, 0.577488 
1.682000, 0.531770 
1.662000, 0.540966 
1.702000, 0.515920 
1.242200, 0.533823 
1.462000, 0.598225 
1.282200, 0.549405 
1.602000, 0.562099 
1.382200, 0.583797 
1.482200, 0.598622 
1.302200, 0.562817 
1.782000, 0.481691 
1.442000, 0.596538 
1.762000, 0.482164 
1.742000, 0.494050 
1.582000, 0.570104 
1.922000, 0.412501 
1.062200, 0.449127 
1.362200, 0.577722 
1.822000, 0.456286 
1.422000, 0.594268 
1.022200, 0.444740 
1.122200, 0.487381 
1.102200, 0.471379 
1.802000, 0.471290 
1.082200, 0.465485 
1.942000, 0.403564 
1.722000, 0.508668 
1.202200, 0.518035 
1.402200, 0.596162 
1.002200, 0.419915 
1.642200, 0.546258 
1.182200, 0.508439 
1.042200, 0.442087 
1.162200, 0.501244 
1.902000, 0.415261 
1.542200, 0.585900 
1.622200, 0.551209 
1.962000, 0.394890 
1.322200, 0.569040 
1.142200, 0.494718 
1.842000, 0.446539 
1.882000, 0.431553 
1.222200, 0.526392 
1.522200, 0.585772 
1.262400, 0.548222 
1.982200, 0.384323 
1.862200, 0.439703 
1.242400, 0.548740 
1.502200, 0.590920 
1.342200, 0.578333 
1.702200, 0.523658 
1.282400, 0.559807 
1.462200, 0.596848 
1.602200, 0.568271 
1.482400, 0.596938 
1.302400, 0.565993 
1.562200, 0.580599 
1.682200, 0.529812 
1.382400, 0.591640 
1.662200, 0.535432 
1.782200, 0.482612 
1.762200, 0.486047 
1.442200, 0.593903 
1.822200, 0.460075 
1.062400, 0.465100 
1.362400, 0.582997 
1.582200, 0.578309 
1.922200, 0.409490 
1.022400, 0.438775 
1.742200, 0.505236 
1.422200, 0.596610 
1.102400, 0.480830 
1.122400, 0.484295 
1.802200, 0.472957 
1.082400, 0.461835 
1.942200, 0.407534 
1.722200, 0.513552 
1.402400, 0.599665 
1.042400, 0.463685 
1.182400, 0.508661 
1.002400, 0.420749 
1.202400, 0.522556 
1.642400, 0.549719 
1.162400, 0.505819 
1.322400, 0.570466 
1.902200, 0.418159 
1.142400, 0.490962 
1.542400, 0.584527 
1.622400, 0.556054 
1.962200, 0.396172 
1.222400, 0.530582 
1.262600, 0.552868 
1.882200, 0.428047 
1.842200, 0.448112 
1.242600, 0.545931 
1.522400, 0.590234 
1.862400, 0.436957 
1.982400, 0.384882 
1.282600, 0.568212 
1.342400, 0.586159 
1.302600, 0.569992 
1.482600, 0.597376 
1.702400, 0.519470 
1.382600, 0.586744 
1.762400, 0.490469 
1.502400, 0.589297 
1.682400, 0.538120 
1.062600, 0.453523 
1.562400, 0.580253 
1.462400, 0.602417 
1.362600, 0.579971 
1.602400, 0.561484 
1.822400, 0.457965 
1.442400, 0.597991 
1.662400, 0.541957 
1.922400, 0.411729 
1.582400, 0.578723 
1.782400, 0.477550 
1.022600, 0.422981 
1.102600, 0.467205 
1.122600, 0.486131 
1.082600, 0.469388 
1.742400, 0.497787 
1.422400, 0.606906 
1.402600, 0.588445 
1.042600, 0.450351 
1.802400, 0.472490 
1.722400, 0.512959 
1.002600, 0.427767 
1.942400, 0.403728 
1.182600, 0.514780 
1.642600, 0.545514 
1.202600, 0.523560 
1.162600, 0.509711 
1.142600, 0.489129 
1.322600, 0.577578 
1.542600, 0.578488 
1.622600, 0.555901 
1.222600, 0.533990 
1.962400, 0.392798 
1.902400, 0.421321 
1.262800, 0.551070 
1.242800, 0.538323 
1.882400, 0.431257 
1.842400, 0.446484 
1.282800, 0.556645 
1.862600, 0.436273 
1.302800, 0.559972 
1.522600, 0.580385 
1.982600, 0.386184 
1.482800, 0.602956 
1.382800, 0.592082 
1.062800, 0.452969 
1.702600, 0.516388 
1.682600, 0.525313 
1.762600, 0.488567 
1.362800, 0.582177 
1.342600, 0.575611 
1.562600, 0.578727 
1.462600, 0.596110 
1.442600, 0.594837 
1.502600, 0.590492 
1.122800, 0.481550 
1.582600, 0.571981 
1.922600, 0.412887 
1.082801, 0.459645 
1.822600, 0.459152 
1.602600, 0.562851 
1.422600, 0.598557 
1.662600, 0.541942 
1.782600, 0.473194 
1.102800, 0.476869 
1.022800, 0.436604 
1.742600, 0.499059 
1.042800, 0.453807 
1.402800, 0.596688 
1.002800, 0.420818 
1.802600, 0.472098 
1.142800, 0.490011 
1.722600, 0.508912 
1.162800, 0.500552 
1.182800, 0.513724 
1.642800, 0.550467 
1.622800, 0.555849 
1.322801, 0.573365 
1.263000, 0.548737 
1.942600, 0.399278 
1.202801, 0.519922 
1.542800, 0.581095 
1.882600, 0.428585 
1.902600, 0.423729 
1.222800, 0.523997 
1.243001, 0.535882 
1.962600, 0.393645 
1.283000, 0.554314 
1.303000, 0.569009 
1.063000, 0.459807 
1.862800, 0.439807 
1.842600, 0.446897 
1.483001, 0.597032 
1.363001, 0.588664 
1.762800, 0.488697 
1.982800, 0.383951 
1.383000, 0.593834 
1.522800, 0.592483 
1.702801, 0.521073 
1.462801, 0.599348 
1.562800, 0.576286 
1.682800, 0.529998 
1.442801, 0.588999 
1.342800, 0.576866 
1.922800, 0.412832 
1.123001, 0.484272 
1.083001, 0.461460 
1.582801, 0.570389 
1.023000, 0.439910 
1.422800, 0.597256 
1.502800, 0.591383 
1.103001, 0.475900 
1.822801, 0.459699 
1.602800, 0.564849 
1.662800, 0.538351 
1.403000, 0.588575 
1.742800, 0.496442 
1.043000, 0.439276 
1.782800, 0.477433 
1.003000, 0.423995 
1.143000, 0.490435 
1.623001, 0.557890 
1.263201, 0.546840 
1.643000, 0.552405 
1.802800, 0.473685 
1.323001, 0.576905 
1.722800, 0.507582 
1.163000, 0.501150 
1.183000, 0.511348 
1.942801, 0.401146 
1.203001, 0.524105 
1.902800, 0.419608 
1.243201, 0.533612 
1.283201, 0.552232 
1.543000, 0.586357 
1.882800, 0.429963 
1.223001, 0.533030 
1.303200, 0.559090 
1.063200, 0.471223 
1.863001, 0.443520 
1.962801, 0.392378 
1.363201, 0.583760 
1.703001, 0.523063 
1.842800, 0.448571 
1.483201, 0.590237 
1.383201, 0.592938 
1.983001, 0.382552 
1.763000, 0.488528 
1.523000, 0.587785 
1.083201, 0.460390 
1.463001, 0.597073 
1.563000, 0.576428 
1.443001, 0.597180 
1.683000, 0.526070 
1.023201, 0.420978 
1.343001, 0.581387 
1.123201, 0.503249 
1.923000, 0.411207 
1.423000, 0.592456 
1.103201, 0.477770 
1.583001, 0.573408 
1.503000, 0.587169 
1.663000, 0.535764 
1.603001, 0.567828 
1.403201, 0.596484 
1.043200, 0.445404 
1.823001, 0.460573 
1.743001, 0.501457 
1.783000, 0.478683 
1.003201, 0.416670 
1.143201, 0.488468 
1.263401, 0.552608 
1.203201, 0.528790 
1.623201, 0.557151 
1.643201, 0.551799 
1.163200, 0.496120 
1.803000, 0.468098 
1.323201, 0.566199 
1.243401, 0.544783 
1.183200, 0.509900 
1.723001, 0.506103 
1.883000, 0.428384 
1.903000, 0.418622 
1.283401, 0.555198 
1.223201, 0.531575 
1.303401, 0.569299 
1.543200, 0.585610 
1.943001, 0.403745 
1.063401, 0.448521 
1.363401, 0.575347 
1.863201, 0.440796 
1.963001, 0.391762 
1.383401, 0.584880 
1.483401, 0.596458 
1.523201, 0.587423 
1.843001, 0.453698 
1.983201, 0.382474 
1.703201, 0.519692 
1.763201, 0.486296 
1.443201, 0.595621 
1.083401, 0.461163 
1.463201, 0.595403 
1.023401, 0.430110 
1.563200, 0.588139 
1.923200, 0.413240 
1.503201, 0.596792 
1.343201, 0.583117 
1.683200, 0.525750 
1.123401, 0.475059 
1.583201, 0.573843 
1.103401, 0.474374 
1.423200, 0.593987 
1.403401, 0.599064 
1.143401, 0.490118 
1.663200, 0.531019 
1.043401, 0.446605 
1.603201, 0.564888 
1.003401, 0.436562 
1.743201, 0.499257 
1.623401, 0.552117 
1.263601, 0.548777 
1.203401, 0.518996 
1.823201, 0.455284 
1.783201, 0.478874 
1.163401, 0.500117 
1.643401, 0.548819 
1.223401, 0.530490 
1.243601, 0.537871 
1.323401, 0.573479 
1.803200, 0.465670 
1.183401, 0.505482 
1.283601, 0.563847 
1.903201, 0.421055 
1.883201, 0.426155 
1.303601, 0.569738 
1.063601, 0.455184 
1.723201, 0.506959 
1.543401, 0.583656 
1.383601, 0.589343 
1.363601, 0.580623 
1.483601, 0.590805 
1.943201, 0.403758 
1.523401, 0.593106 
1.963201, 0.396006 
1.863401, 0.436373 
1.463401, 0.597709 
1.983401, 0.387371 
1.083601, 0.471918 
1.703401, 0.518221 
1.763401, 0.487522 
1.443401, 0.594066 
1.843201, 0.446509 
1.023601, 0.431191 
1.343401, 0.577573 
1.123601, 0.486309 
1.563401, 0.579718 
1.503401, 0.597872 
1.923401, 0.412893 
1.143601, 0.488168 
1.583401, 0.565628 
1.103601, 0.477341 
1.683401, 0.525258 
1.423401, 0.596190 
1.403601, 0.590084 
1.043601, 0.439777 
1.603401, 0.565431 
1.663401, 0.540834 
1.003601, 0.415190 
1.263801, 0.548012 
1.823401, 0.461396 
1.623601, 0.555635 
1.203601, 0.522388 
1.163601, 0.508915 
1.783401, 0.477953 
1.743401, 0.498821 
1.243801, 0.543802 
1.283801, 0.558731 
1.183601, 0.522791 
1.643601, 0.546055 
1.803401, 0.463995 
1.223601, 0.531869 
1.303801, 0.564359 
1.323601, 0.570037 
1.063801, 0.454772 
1.903401, 0.418332 
1.483801, 0.601034 
1.383801, 0.587679 
1.363801, 0.578191 
1.883401, 0.427873 
1.723401, 0.506029 
1.463601, 0.593091 
1.543601, 0.584412 
1.963401, 0.397373 
1.943401, 0.396561 
1.523601, 0.588096 
1.983601, 0.385262 
1.023801, 0.432685 
1.083801, 0.465306 
1.703601, 0.518301 
1.843401, 0.448497 
1.443601, 0.595232 
1.863601, 0.438163 
1.763601, 0.489271 
1.343601, 0.575604 
1.503601, 0.592662 
1.103801, 0.472933 
1.923601, 0.414319 
1.123801, 0.482523 
1.563601, 0.577098 
1.143801, 0.491026 
1.043801, 0.442395 
1.583601, 0.573835 
1.403801, 0.595091 
1.683601, 0.530952 
1.003801, 0.427691 
1.423601, 0.598370 
1.603601, 0.565464 
1.203801, 0.517345 
1.264001, 0.550676 
1.663601, 0.542526 
1.623801, 0.556812 
1.823601, 0.460681 
1.163801, 0.501196 
1.244001, 0.536284 
1.643801, 0.544431 
1.183801, 0.507939 
1.783601, 0.478604 
1.803601, 0.464010 
1.284001, 0.552778 
1.743601, 0.494095 
1.223801, 0.531547 
1.304001, 0.557871 
1.323801, 0.573668 
1.064001, 0.457265 
1.484001, 0.598939 
1.903601, 0.418944 
1.364001, 0.585570 
1.384001, 0.591460 
1.883601, 0.432334 
1.723601, 0.502357 
1.463801, 0.595305 
1.963601, 0.396448 
1.024001, 0.435719 
1.543801, 0.584184 
1.084001, 0.469060 
1.443801, 0.596933 
1.943601, 0.404625 
1.523801, 0.589604 
1.703801, 0.520867 
1.983801, 0.385780 
1.843601, 0.448229 
1.763801, 0.494381 
1.343801, 0.583013 
1.503801, 0.595617 
1.863801, 0.439783 
1.044001, 0.450220 
1.124001, 0.488374 
1.004001, 0.424008 
1.104001, 0.478687 
1.144001, 0.496265 
1.404001, 0.589716 
1.923801, 0.406191 
1.563801, 0.570716 
1.603801, 0.561807 
1.583801, 0.575816 
1.683801, 0.525916 
1.423801, 0.590241 
1.264201, 0.547973 
1.204001, 0.524738 
1.164001, 0.500589 
1.823801, 0.458848 
1.663801, 0.537763 
1.624001, 0.559668 
1.644001, 0.549390 
1.244201, 0.541733 
1.284201, 0.560537 
1.184001, 0.515902 
1.324001, 0.573146 
1.803801, 0.468755 
1.064201, 0.455098 
1.224001, 0.532793 
1.783801, 0.478700 
1.304201, 0.573818 
1.364201, 0.584654 
1.743801, 0.497413 
1.484201, 0.597131 
1.384201, 0.602725 
1.903801, 0.418322 
1.883801, 0.429414 
1.024201, 0.437739 
1.723801, 0.507484 
1.963801, 0.390575 
1.544001, 0.584235 
1.084201, 0.473758 
1.444001, 0.593709 
1.464001, 0.596652 
1.344001, 0.579286 
1.524001, 0.591215 
1.044201, 0.442624 
1.704001, 0.517075 
1.984001, 0.384479 
1.504001, 0.596919 
1.864001, 0.436707 
1.943801, 0.400010 
1.843801, 0.451998 
1.144201, 0.489303 
1.764001, 0.488049 
1.004201, 0.417017 
1.104201, 0.478586 
1.124201, 0.489097 
1.404201, 0.591696 
1.924001, 0.413723 
1.564001, 0.579587 
1.424001, 0.587302 
1.264401, 0.551599 
1.604001, 0.564652 
1.584001, 0.573072 
1.684001, 0.531558 
1.204201, 0.526752 
1.164201, 0.496989 
1.664001, 0.541745 
1.824001, 0.460876 
1.284401, 0.561158 
1.184201, 0.519012 
1.244401, 0.546580 
1.624201, 0.557308 
1.224201, 0.530203 
1.064401, 0.458044 
1.304401, 0.556215 
1.644201, 0.540457 
1.324201, 0.575871 
1.744001, 0.497658 
1.804001, 0.467560 
1.784001, 0.482213 
1.364401, 0.584523 
1.484401, 0.598615 
1.884001, 0.429576 
1.544201, 0.586157 
1.384401, 0.589274 
1.904001, 0.418255 
1.964001, 0.392067 
1.724001, 0.503807 
1.524201, 0.587421 
1.024401, 0.431537 
1.344201, 0.584240 
1.444201, 0.599524 
1.464201, 0.595874 
1.044401, 0.440340 
1.124401, 0.485704 
1.084401, 0.472289 
1.104401, 0.478413 
1.504201, 0.592144 
1.944001, 0.398627 
1.144401, 0.498324 
1.004401, 0.412048 
1.704201, 0.518933 
1.984201, 0.381278 
1.864201, 0.439507 
1.844001, 0.450927 
1.764201, 0.488520 
1.404401, 0.594743 
1.924201, 0.408313 
1.264601, 0.550812 
1.424201, 0.593489 
1.604201, 0.566470 
1.564201, 0.578769 
1.584201, 0.562922 
1.684201, 0.523549 
1.164401, 0.507254 
1.204401, 0.525266 
1.824201, 0.457666 
1.284601, 0.553084 
1.184401, 0.515540 
1.244601, 0.541449 
1.304601, 0.564191 
1.064601, 0.452919 
1.664201, 0.540146 
1.224401, 0.534183 
1.624401, 0.551445 
1.784201, 0.478612 
1.744201, 0.494563 
1.364601, 0.587183 
1.804201, 0.468535 
1.644401, 0.547999 
1.324401, 0.576066 
1.544401, 0.580489 
1.884201, 0.430093 
1.484601, 0.603392 
1.384601, 0.585759 
1.124601, 0.477029 
1.344401, 0.578954 
1.724201, 0.511889 
1.904201, 0.418071 
1.444401, 0.604298 
1.964201, 0.393909 
1.464401, 0.596886 
1.104601, 0.473832 
1.024601, 0.446481 
1.044601, 0.447946 
1.524401, 0.584699 
1.004601, 0.431564 
1.504401, 0.587292 
1.844201, 0.445689 
1.144601, 0.496563 
1.944201, 0.399154 
1.704401, 0.525077 
1.084601, 0.464929 
1.984401, 0.385925 
1.864401, 0.439797 
1.404601, 0.589775 
1.264801, 0.549914 
1.764401, 0.488120 
1.684401, 0.527816 
1.424401, 0.589644 
1.164601, 0.500283 
1.204601, 0.518087 
1.924401, 0.410349 
1.604401, 0.570124 
1.224601, 0.534094 
1.824401, 0.461547 
1.584401, 0.573973 
1.564401, 0.581873 
1.184601, 0.517186 
1.304801, 0.570397 
1.664401, 0.541508 
1.284801, 0.562178 
1.244801, 0.545998 
1.064801, 0.454414 
1.624601, 0.556693 
1.804401, 0.468071 
1.744401, 0.498480 
1.324601, 0.579885 
1.784401, 0.479773 
1.124801, 0.486260 
1.364801, 0.586776 
1.644601, 0.545971 
1.884401, 0.432285 
1.104801, 0.485752 
1.544601, 0.585576 
1.044801, 0.448906 
1.444601, 0.596381 
1.484801, 0.596713 
1.724401, 0.508127 
1.344601, 0.579914 
1.384801, 0.595416 
1.024801, 0.434747 
1.004801, 0.426058 
1.964401, 0.394149 
1.464601, 0.601454 
1.944401, 0.401487 
1.524601, 0.595744 
1.844401, 0.445729 
1.144801, 0.497735 
1.704601, 0.522270 
1.904401, 0.418757 
1.504601, 0.598186 
1.084801, 0.457233 
1.984601, 0.385741 
1.864601, 0.438962 
1.164801, 0.500143 
1.684601, 0.525690 
1.204801, 0.523700 
1.604601, 0.559317 
1.424601, 0.595914 
1.265001, 0.550738 
1.404801, 0.596382 
1.584601, 0.574937 
1.764601, 0.486987 
1.224801, 0.530429 
1.824601, 0.456081 
1.924601, 0.408259 
1.564601, 0.580541 
1.245001, 0.533402 
1.184801, 0.512824 
1.305001, 0.565967 
1.664601, 0.536278 
1.285001, 0.552957 
1.065001, 0.452758 
1.125001, 0.481110 
1.045001, 0.453651 
1.804601, 0.468760 
1.105001, 0.478471 
1.324801, 0.570734 
1.365001, 0.595351 
1.884601, 0.433161 
1.744601, 0.498405 
1.624801, 0.557667 
1.005001, 0.426281 
1.784601, 0.475100 
1.644801, 0.551824 
1.444801, 0.600868 
1.344801, 0.580630 
1.544801, 0.582152 
1.145001, 0.499860 
1.385001, 0.586144 
1.944601, 0.400327 
1.485001, 0.595866 
1.025001, 0.432925 
1.724601, 0.508172 
1.524801, 0.585681 
1.964601, 0.395289 
1.704801, 0.513532 
1.464801, 0.605079 
1.504801, 0.594114 
1.904601, 0.422188 
1.844601, 0.444990 
1.085001, 0.458104 
1.684801, 0.529046 
1.205001, 0.529293 
1.165001, 0.507644 
1.424801, 0.601878 
1.265201, 0.546843 
1.225001, 0.532032 
1.984801, 0.386069 
1.864801, 0.440498 
1.405001, 0.595151 
1.604801, 0.561302 
1.824801, 0.457079 
1.764801, 0.486835 
1.584801, 0.564763 
1.564801, 0.582111 
1.245201, 0.545246 
1.185001, 0.512077 
1.924801, 0.409684 
1.125201, 0.487505 
1.045201, 0.447548 
1.664801, 0.540273 
1.065201, 0.455629 
1.305201, 0.570845 
1.804801, 0.464263 
1.005201, 0.425161 
1.285201, 0.557769 
1.325001, 0.576630 
1.105201, 0.473517 
1.784801, 0.480666 
1.445001, 0.597216 
1.744801, 0.498940 
1.884801, 0.430179 
1.365201, 0.581615 
1.625001, 0.559906 
1.145201, 0.496565 
1.345001, 0.571466 
1.645001, 0.545499 
1.025201, 0.436650 
1.385201, 0.583300 
1.545001, 0.585680 
1.085201, 0.469771 
1.525001, 0.594265 
1.944801, 0.401317 
1.485201, 0.596422 
1.724801, 0.511464 
1.705001, 0.518035 
1.465001, 0.589713 
1.964801, 0.389679 
1.505001, 0.592042 
1.844801, 0.442365 
1.685001, 0.529279 
1.205201, 0.518991 
1.165201, 0.494563 
1.904801, 0.418355 
1.225201, 0.532161 
1.265401, 0.554099 
1.605001, 0.567506 
1.425001, 0.593154 
1.825001, 0.455026 
1.865001, 0.438087 
1.985001, 0.383966 
1.405201, 0.597881 
1.585001, 0.564094 
1.765001, 0.486995 
1.125401, 0.486751 
1.185201, 0.516365 
1.245401, 0.539129 
1.045401, 0.451902 
1.665001, 0.536163 
1.565001, 0.576817 
1.065401, 0.452288 
1.005401, 0.431451 
1.325201, 0.573465 
1.105401, 0.474658 
1.285401, 0.554439 
1.805001, 0.467881 
1.925001, 0.412412 
1.305401, 0.568613 
1.785001, 0.478450 
1.145401, 0.488429 
1.745001, 0.500275 
1.885001, 0.430352 
1.345201, 0.580730 
1.445201, 0.598850 
1.365401, 0.584216 
1.025401, 0.421987 
1.085401, 0.466853 
1.625201, 0.554852 
1.645201, 0.548665 
1.705201, 0.513434 
1.545201, 0.582757 
1.945001, 0.401829 
1.725001, 0.504365 
1.465201, 0.595758 
1.385401, 0.595281 
1.485401, 0.594109 
1.525201, 0.589055 
1.965001, 0.395647 
1.505201, 0.590745 
1.165401, 0.505930 
1.845001, 0.445842 
1.225401, 0.532542 
1.205401, 0.518616 
1.685201, 0.526005 
1.425201, 0.604470 
1.605201, 0.565544 
1.265601, 0.542067 
1.905001, 0.417059 
1.825201, 0.457652 
1.865201, 0.433713 
1.405401, 0.593571 
1.585201, 0.570754 
1.045601, 0.443793 
1.125601, 0.486942 
1.985201, 0.383395 
1.325401, 0.575440 
1.765201, 0.483917 
1.065601, 0.453999 
1.105601, 0.479472 
1.185401, 0.512462 
1.245601, 0.542573 
1.665201, 0.534886 
1.565201, 0.570816 
1.805201, 0.469660 
1.005601, 0.438366 
1.785201, 0.480597 
1.145601, 0.493521 
1.745201, 0.501183 
1.285601, 0.558951 
1.305601, 0.566674 
1.085601, 0.461538 
1.345401, 0.577372 
1.885201, 0.431916 
1.445401, 0.598991 
1.925201, 0.409218 
1.025601, 0.421479 
1.365601, 0.586508 
1.465401, 0.595326 
1.705401, 0.515372 
1.625401, 0.554460 
1.725201, 0.512554 
1.645401, 0.543238 
1.545401, 0.585184 
1.385601, 0.587401 
1.945201, 0.405247 
1.165601, 0.500892 
1.525401, 0.594358 
1.965201, 0.389141 
1.505401, 0.592883 
1.485601, 0.597814 
1.225601, 0.528863 
1.685401, 0.527249 
1.845201, 0.448523 
1.205601, 0.518907 
1.425401, 0.603928 
1.605401, 0.559731 
1.265801, 0.550921 
1.045801, 0.448064 
1.585401, 0.576034 
1.905201, 0.418149 
1.825401, 0.457869 
1.125801, 0.490250 
1.325601, 0.581719 
1.865401, 0.439492 
1.405601, 0.593079 
1.005801, 0.421035 
1.105801, 0.468458 
1.765401, 0.491535 
1.785401, 0.480259 
1.665401, 0.535377 
1.065801, 0.455471 
1.985401, 0.385481 
1.185601, 0.510367 
1.145801, 0.495314 
1.245801, 0.534962 
1.565401, 0.579099 
1.745401, 0.494784 
1.805401, 0.464598 
1.085801, 0.469441 
1.465601, 0.598278 
1.025801, 0.460309 
1.285801, 0.558812 
1.345601, 0.582813 
1.305801, 0.565057 
1.885401, 0.427957 
1.925401, 0.408903 
1.705601, 0.517869 
1.445601, 0.590740 
1.365801, 0.582755 
1.725401, 0.501287 
1.625601, 0.557775 
1.645601, 0.552132 
1.545601, 0.582571 
1.945401, 0.401247 
1.165801, 0.492507 
1.965401, 0.391859 
1.225801, 0.526531 
1.525601, 0.594503 
1.385801, 0.586829 
1.485801, 0.594975 
1.505601, 0.591905 
1.605601, 0.570086 
1.205801, 0.523513 
1.685601, 0.531271 
1.845401, 0.449763 
1.425601, 0.599226 
1.046001, 0.448168 
1.126001, 0.485248 
1.266001, 0.549604 
1.325801, 0.573524 
1.585601, 0.569960 
1.825601, 0.456349 
1.006001, 0.431633 
1.106001, 0.480428 
1.665601, 0.544186 
1.146001, 0.496229 
1.905401, 0.418623 
1.405801, 0.592198 
1.865601, 0.440630 
1.066001, 0.443996 
1.185801, 0.509265 
1.745601, 0.500949 
1.985601, 0.378997 
1.785601, 0.478980 
1.765601, 0.481372 
1.246001, 0.547042 
1.086001, 0.460154 
1.026001, 0.444132 
1.805601, 0.465213 
1.565601, 0.571755 
1.465801, 0.591947 
1.345801, 0.585931 
1.286001, 0.557009 
1.306001, 0.562876 
1.705801, 0.517513 
1.885601, 0.429570 
1.445801, 0.594435 
1.366001, 0.588449 
1.925601, 0.411653 
1.545801, 0.577727 
1.725601, 0.503854 
1.625801, 0.554734 
1.226001, 0.525507 
1.645801, 0.550954 
1.166001, 0.507575 
1.945601, 0.402094 
1.386001, 0.588054 
1.965601, 0.395296 
1.206001, 0.518671 
1.425801, 0.595254 
1.605801, 0.567998 
1.525801, 0.588197 
1.126201, 0.481724 
1.486001, 0.597662 
1.505801, 0.596242 
1.685801, 0.528556 
1.845601, 0.445363 
1.046201, 0.443428 
1.326001, 0.571500 
1.106201, 0.474601 
1.266201, 0.548295 
1.006201, 0.414970 
1.146201, 0.495984 
1.585801, 0.573702 
1.825801, 0.456374 
1.665801, 0.539859 
1.186001, 0.517366 
1.745801, 0.491251 
1.066201, 0.458748 
1.406001, 0.593859 
1.905601, 0.419430 
1.086201, 0.464473 
1.865801, 0.437195 
1.026201, 0.436899 
1.346001, 0.582624 
1.805801, 0.463832 
1.785801, 0.477498 
1.246201, 0.539850 
1.466001, 0.598789 
1.985801, 0.385406 
1.765801, 0.487430 
1.706001, 0.516306 
1.565801, 0.575652 
1.286201, 0.555685 
1.885801, 0.427500 
1.306201, 0.567227 
1.446001, 0.596552 
1.366201, 0.586424 
1.166201, 0.501795 
1.226201, 0.530582 
1.626001, 0.556907 
1.546001, 0.590745 
1.725801, 0.509983 
1.426001, 0.596194 
1.925801, 0.412228 
1.646001, 0.548949 
1.945801, 0.399224 
1.965801, 0.389803 
1.206201, 0.526578 
1.386201, 0.593690 
1.126401, 0.487339 
1.606001, 0.560770 
1.845801, 0.448960 
1.046401, 0.446678 
1.686001, 0.532412 
1.526001, 0.591371 
1.326201, 0.572772 
1.106401, 0.472641 
1.506001, 0.598754 
1.486201, 0.593530 
1.586001, 0.567028 
1.006401, 0.442011 
1.146401, 0.490047 
1.266401, 0.545896 
1.346201, 0.582428 
1.826001, 0.456636 
1.186201, 0.508639 
1.746001, 0.496675 
1.666001, 0.538392 
1.026401, 0.432356 
1.066401, 0.457977 
1.806001, 0.471186 
1.086401, 0.466020 
1.466201, 0.601504 
1.406201, 0.593429 
1.866001, 0.434335 
1.786001, 0.475848 
1.246401, 0.545913 
1.905801, 0.418376 
1.286401, 0.560794 
1.706201, 0.515841 
1.766001, 0.486862 
1.986001, 0.387754 
1.226401, 0.528040 
1.886001, 0.431298 
1.166401, 0.504903 
1.566001, 0.576290 
1.546201, 0.583794 
1.446201, 0.597668 
1.306401, 0.568391 
1.366401, 0.583646 
1.726001, 0.508371 
1.626201, 0.555292 
1.126601, 0.486107 
1.046601, 0.445608 
1.426201, 0.602218 
1.846001, 0.449574 
1.966001, 0.392254 
1.946001, 0.403755 
1.206401, 0.520587 
1.386401, 0.586578 
1.106601, 0.479100 
1.926001, 0.411847 
1.686201, 0.534416 
1.646201, 0.545544 
1.606201, 0.558075 
1.006601, 0.411626 
1.326401, 0.569546 
1.146601, 0.498044 
1.526201, 0.592076 
1.486401, 0.594384 
1.346401, 0.578435 
1.506201, 0.588059 
1.586201, 0.572003 
1.806201, 0.467441 
1.666201, 0.539393 
1.826201, 0.456269 
1.746201, 0.492029 
1.266601, 0.553263 
1.086601, 0.467361 
1.026601, 0.435797 
1.186401, 0.514628 
1.786201, 0.476243 
1.066601, 0.466327 
1.226601, 0.527903 
1.706401, 0.515430 
1.166601, 0.502630 
1.466401, 0.600481 
1.866201, 0.436045 
1.406401, 0.595944 
1.546401, 0.583599 
1.246601, 0.542550 
1.886201, 0.428345 
1.286601, 0.560982 
1.906001, 0.420295 
1.126801, 0.483123 
1.766201, 0.487270 
1.566201, 0.578524 
1.046801, 0.454056 
1.726201, 0.513914 
1.846201, 0.445346 
1.986201, 0.384965 
1.306601, 0.568836 
1.446401, 0.600881 
1.966201, 0.393467 
1.106801, 0.475216 
1.366601, 0.586800 
1.146801, 0.497538 
1.626401, 0.555079 
1.006801, 0.419285 
1.686401, 0.525427 
1.426401, 0.602370 
1.206601, 0.525072 
1.386601, 0.592804 
1.946201, 0.400350 
1.326601, 0.574810 
1.346601, 0.576107 
1.646401, 0.551739 
1.606401, 0.565208 
1.926201, 0.413697 
1.806401, 0.468851 
1.026801, 0.433477 
1.526401, 0.590921 
1.086801, 0.466869 
1.666401, 0.537337 
1.746401, 0.496182 
1.826401, 0.452699 
1.506401, 0.599471 
1.486601, 0.601480 
1.586401, 0.569562 
1.226801, 0.535858 
1.266801, 0.544300 
1.166801, 0.510305 
1.786401, 0.476704 
1.706601, 0.513862 
1.546601, 0.588443 
1.066801, 0.461725 
1.186601, 0.515538 
1.466601, 0.594001 
1.246801, 0.538745 
1.886401, 0.426699 
1.406601, 0.588484 
1.726401, 0.502877 
1.127001, 0.489559 
1.866401, 0.438775 
1.047001, 0.442852 
1.286801, 0.557686 
1.107001, 0.471415 
1.846401, 0.445092 
1.007001, 0.436259 
1.906201, 0.419576 
1.966401, 0.394997 
1.147001, 0.499233 
1.766401, 0.487854 
1.566401, 0.576763 
1.306801, 0.565116 
1.446601, 0.596613 
1.686601, 0.528790 
1.986401, 0.384980 
1.366801, 0.597625 
1.346801, 0.580963 
1.027001, 0.430781 
1.426601, 0.594577 
1.626601, 0.553608 
1.206801, 0.522297 
1.087001, 0.474653 
1.386801, 0.587592 
1.666601, 0.531434 
1.326801, 0.578026 
1.806601, 0.463368 
1.946401, 0.398478 
1.746601, 0.499978 
1.606601, 0.562696 
1.227001, 0.537669 
1.826601, 0.457970 
1.646601, 0.543399 
1.926401, 0.409036 
1.526601, 0.590829 
1.167001, 0.503199 
1.786601, 0.476760 
1.506601, 0.591888 
1.486801, 0.594507 
1.546801, 0.589406 
1.706801, 0.518826 
1.267001, 0.545802 
1.586601, 0.576086 
1.067001, 0.454966 
1.186801, 0.507913 
1.047201, 0.451553 
1.726601, 0.503031 
1.127201, 0.483929 
1.886601, 0.428411 
1.466801, 0.602286 
1.107201, 0.477934 
1.007201, 0.429540 
1.247001, 0.540492 
1.147201, 0.497660 
1.406801, 0.592474 
1.846601, 0.444153 
1.966601, 0.389045 
1.866601, 0.435553 
1.287001, 0.556828 
1.686801, 0.529244 
1.347001, 0.585234 
1.906401, 0.421975 
1.027201, 0.430931 
1.566601, 0.581097 
1.307001, 0.566621 
1.766601, 0.482834 
1.806801, 0.464793 
1.446801, 0.598781 
1.367001, 0.584622 
1.087201, 0.462866 
1.986601, 0.385939 
1.227201, 0.531607 
1.666801, 0.541806 
1.426801, 0.597224 
1.207001, 0.522527 
1.626801, 0.556614 
1.746801, 0.500704 
1.327001, 0.571342 
1.167201, 0.504939 
1.387001, 0.592998 
1.826801, 0.459453 
1.547001, 0.588901 
1.606801, 0.561962 
1.946601, 0.402142 
1.786801, 0.474693 
1.646801, 0.545327 
1.707001, 0.514439 
1.526801, 0.588865 
1.926601, 0.411611 
1.487001, 0.598270 
1.506801, 0.595489 
1.047401, 0.432660 
1.267201, 0.552097 
1.107401, 0.480322 
1.127401, 0.485251 
1.586801, 0.568345 
1.007401, 0.421271 
1.147401, 0.498792 
1.726801, 0.506575 
1.886801, 0.423294 
1.067201, 0.450742 
1.187001, 0.504605 
1.467001, 0.603545 
1.846801, 0.443794 
1.966801, 0.393082 
1.247201, 0.546568 
1.347201, 0.577078 
1.407001, 0.590395 
1.687001, 0.522944 
1.027401, 0.432389 
1.866801, 0.437795 
1.087401, 0.476410 
1.287201, 0.555400 
1.807001, 0.468304 
1.227401, 0.533006 
1.667001, 0.540313 
1.566801, 0.584015 
1.307201, 0.562554 
1.766801, 0.487630 
1.747001, 0.499588 
1.906601, 0.417904 
1.447001, 0.592833 
1.367201, 0.583605 
1.167401, 0.503361 
1.427001, 0.595939 
1.827001, 0.453778 
1.207201, 0.514382 
1.547201, 0.576983 
1.627001, 0.554082 
1.986801, 0.381857 
1.327201, 0.573886 
1.387201, 0.590313 
1.787001, 0.476307 
1.707201, 0.514430 
1.047601, 0.438321 
1.607001, 0.559165 
1.107601, 0.469257 
1.647001, 0.545889 
1.007601, 0.422317 
1.147601, 0.484720 
1.527001, 0.586726 
1.946801, 0.398137 
1.127601, 0.491156 
1.887001, 0.425523 
1.727001, 0.502235 
1.926801, 0.408148 
1.487201, 0.595234 
1.507001, 0.590771 
1.267401, 0.554526 
1.587001, 0.568831 
1.067401, 0.461645 
1.847001, 0.444006 
1.967001, 0.390567 
1.187201, 0.511478 
1.347401, 0.576021 
1.247401, 0.545045 
1.027601, 0.424286 
1.687201, 0.527034 
1.467201, 0.601367 
1.087601, 0.460837 
1.227601, 0.532004 
1.807201, 0.464678 
1.407201, 0.594941 
1.667201, 0.532570 
1.287401, 0.559017 
1.167601, 0.505130 
1.867001, 0.436677 
1.747201, 0.496325 
1.307401, 0.569955 
1.567001, 0.569452 
1.827201, 0.454474 
1.547401, 0.583194 
1.367401, 0.588011 
1.447201, 0.596718 
1.767001, 0.485723 
1.207401, 0.526929 
1.906801, 0.417604 
1.707401, 0.516378 
1.427201, 0.594839 
1.047801, 0.449865 
1.627201, 0.557079 
1.787201, 0.477538 
1.007801, 0.418355 
1.147801, 0.493279 
1.107801, 0.477910 
1.327401, 0.574463 
1.387401, 0.592106 
1.987001, 0.384116 
1.127801, 0.482894 
1.887201, 0.424292 
1.727201, 0.506001 
1.607201, 0.566074 
1.647201, 0.542987 
1.527201, 0.593199 
1.947001, 0.401767 
1.507201, 0.587943 
1.487401, 0.593464 
1.267601, 0.552780 
1.847201, 0.446129 
1.927001, 0.410400 
1.347601, 0.588188 
1.587201, 0.570568 
1.967201, 0.392989 
1.087801, 0.470484 
1.027801, 0.442114 
1.067601, 0.453106 
1.227801, 0.532012 
1.687401, 0.524696 
1.187401, 0.513585 
1.807401, 0.465609 
1.247601, 0.537853 
1.667401, 0.536064 
1.167801, 0.506115 
1.467401, 0.600931 
1.407401, 0.591101 
1.547601, 0.581182 
1.747401, 0.492601 
1.287601, 0.561026 
1.048001, 0.468745 
1.827401, 0.457166 
1.307601, 0.562337 
1.867201, 0.435918 
1.707601, 0.516626 
1.148001, 0.498162 
1.008001, 0.417455 
1.567201, 0.573609 
1.787401, 0.477774 
1.447401, 0.597051 
1.108001, 0.470025 
1.367601, 0.582853 
1.207601, 0.523850 
1.128001, 0.492377 
1.427401, 0.592744 
1.767201, 0.483535 
1.907001, 0.421255 
1.327601, 0.571473 
1.627401, 0.546318 
1.387601, 0.595764 
1.887401, 0.430326 
1.727401, 0.507902 
1.987201, 0.385783 
1.607401, 0.562199 
1.088001, 0.472988 
1.847401, 0.448148 
1.347801, 0.582377 
1.647401, 0.544507 
1.527401, 0.587395 
1.028001, 0.426066 
1.228001, 0.537327 
1.507401, 0.577245 
1.687601, 0.526961 
1.487601, 0.586140 
1.267801, 0.546270 
1.947201, 0.401582 
1.967401, 0.393564 
1.067801, 0.454813 
1.807601, 0.465879 
1.667601, 0.537496 
1.927201, 0.411661 
1.587401, 0.572681 
1.168001, 0.507557 
1.187601, 0.513479 
1.247801, 0.540203 
1.547801, 0.582825 
1.048201, 0.454561 
1.467601, 0.600214 
1.407601, 0.589562 
1.747601, 0.498704 
1.148201, 0.497164 
1.008201, 0.418141 
1.827601, 0.461666 
1.287801, 0.560806 
1.128201, 0.490121 
1.707801, 0.517809 
1.108201, 0.476569 
1.787601, 0.473176 
1.307801, 0.567737 
1.867401, 0.434468 
1.727601, 0.508723 
1.567401, 0.577686 
1.447601, 0.598973 
1.367801, 0.590230 
1.207801, 0.522026 
1.887601, 0.425526 
1.427601, 0.593857 
1.767401, 0.487124 
1.387801, 0.585046 
1.327801, 0.572709 
1.088201, 0.468238 
1.627601, 0.550276 
1.907201, 0.419093 
1.348001, 0.580994 
1.228201, 0.533367 
1.847601, 0.444265 
1.028201, 0.431281 
1.987401, 0.388277 
1.687801, 0.517696 
1.607601, 0.563787 
1.527601, 0.589303 
1.967601, 0.390602 
1.168201, 0.499338 
1.807801, 0.464621 
1.647601, 0.549918 
1.268001, 0.557141 
1.507601, 0.594298 
1.068001, 0.459661 
1.487801, 0.594527 
1.667801, 0.534296 
1.048401, 0.442788 
1.947401, 0.400804 
1.548001, 0.588162 
1.587601, 0.564484 
1.927401, 0.409127 
1.248001, 0.533947 
1.128401, 0.487678 
1.187801, 0.509027 
1.008401, 0.430436 
1.148401, 0.497708 
1.747801, 0.493894 
1.108401, 0.473631 
1.467801, 0.595350 
1.708001, 0.521250 
1.827801, 0.453359 
1.288001, 0.555994 
1.787801, 0.477442 
1.407801, 0.594475 
1.308001, 0.572188 
1.727801, 0.503953 
1.088401, 0.467671 
1.368001, 0.583889 
1.208001, 0.525565 
1.348201, 0.587707 
1.567601, 0.576883 
1.447801, 0.592881 
1.228401, 0.541876 
1.887801, 0.428047 
1.867601, 0.438836 
1.028401, 0.436071 
1.427801, 0.592974 
1.847801, 0.446794 
1.328001, 0.575962 
1.388001, 0.596265 
1.767601, 0.486507 
1.627801, 0.552715 
1.688001, 0.527723 
1.808001, 0.464633 
1.907401, 0.417632 
1.168401, 0.507228 
1.967801, 0.391387 
1.527801, 0.587489 
1.048601, 0.456944 
1.607801, 0.560827 
1.987601, 0.383877 
1.668001, 0.537727 
1.068201, 0.463408 
1.647801, 0.539689 
1.548201, 0.585243 
1.268201, 0.554197 
1.507801, 0.589009 
1.488001, 0.595843 
1.128601, 0.492737 
1.148601, 0.498097 
1.008601, 0.423681 
1.248201, 0.539418 
1.947601, 0.401943 
1.587801, 0.569315 
1.188001, 0.511312 
1.927601, 0.408608 
1.108601, 0.475673 
1.748001, 0.497447 
1.828001, 0.459623 
1.708201, 0.513480 
1.788001, 0.478154 
1.468001, 0.598245 
1.288201, 0.567708 
1.088601, 0.462999 
1.408001, 0.600221 
1.308201, 0.562133 
1.728001, 0.507620 
1.348401, 0.578066 
1.228601, 0.533428 
1.028601, 0.431542 
1.888001, 0.426184 
1.208201, 0.517559 
1.368201, 0.584739 
1.848001, 0.446378 
1.567801, 0.575161 
1.448001, 0.590483 
1.867801, 0.444468 
1.808201, 0.464017 
1.168601, 0.500513 
1.688201, 0.525858 
1.428001, 0.602554 
1.328201, 0.578081 
1.388201, 0.585850 
1.048801, 0.447905 
1.968001, 0.392573 
1.767801, 0.488360 
1.628001, 0.561596 
1.668201, 0.534565 
1.548401, 0.579892 
1.907601, 0.421655 
1.008801, 0.433839 
1.528001, 0.583819 
1.128801, 0.484289 
1.608001, 0.563421 
1.148801, 0.500607 
1.068401, 0.457242 
1.987801, 0.390489 
1.648001, 0.542737 
1.268401, 0.558167 
1.508001, 0.590041 
1.488201, 0.591054 
1.108801, 0.474462 
1.828201, 0.453807 
1.248401, 0.542739 
1.748201, 0.495191 
1.708401, 0.520292 
1.088802, 0.471194 
1.188201, 0.519195 
1.588001, 0.569932 
1.947801, 0.399539 
1.788201, 0.475179 
1.927801, 0.406676 
1.308401, 0.568220 
1.348601, 0.584380 
1.468201, 0.599473 
1.028801, 0.432557 
1.288401, 0.554904 
1.228801, 0.536845 
1.728201, 0.506292 
1.408201, 0.591906 
1.888201, 0.427337 
1.049001, 0.445099 
1.848201, 0.445253 
1.208401, 0.521777 
1.368401, 0.590700 
1.808401, 0.469935 
1.688401, 0.523032 
1.168801, 0.503584 
1.568001, 0.576299 
1.448201, 0.598410 
1.968201, 0.394638 
1.548601, 0.590590 
1.388401, 0.591056 
1.129001, 0.489157 
1.428201, 0.596163 
1.668401, 0.539089 
1.328401, 0.579808 
1.868001, 0.434863 
1.149001, 0.496429 
1.009001, 0.460130 
1.628201, 0.552768 
1.768001, 0.481705 
1.068601, 0.454253 
1.109002, 0.473192 
1.528201, 0.585477 
1.907801, 0.418251 
1.608201, 0.556396 
1.089002, 0.471267 
1.828401, 0.454610 
1.648201, 0.547466 
1.488401, 0.601635 
1.268601, 0.553790 
1.508201, 0.596729 
1.748401, 0.488390 
1.248601, 0.544535 
1.988001, 0.384446 
1.708601, 0.513474 
1.788401, 0.474797 
1.029001, 0.437204 
1.188401, 0.511321 
1.229002, 0.530495 
1.308601, 0.571328 
1.728401, 0.505101 
1.588201, 0.573661 
1.348801, 0.582999 
1.888401, 0.430773 
1.948001, 0.398071 
1.468401, 0.590113 
1.928001, 0.407782 
1.288601, 0.560824 
1.408401, 0.597205 
1.049201, 0.439849 
1.848401, 0.444327 
1.808601, 0.461801 
1.169001, 0.503690 
1.368601, 0.586347 
1.208601, 0.524647 
1.129202, 0.489474 
1.688601, 0.525388 
1.968401, 0.392678 
1.149202, 0.491949 
1.548801, 0.574066 
1.568201, 0.581328 
1.668601, 0.537521 
1.009202, 0.449211 
1.448401, 0.599311 
1.328601, 0.576793 
1.868201, 0.438549 
1.388601, 0.590471 
1.428401, 0.596249 
1.109202, 0.473037 
1.628401, 0.557824 
1.089202, 0.471176 
1.768201, 0.485905 
1.828601, 0.455538 
1.068801, 0.460944 
1.229202, 0.539500 
1.748601, 0.495040 
1.608401, 0.566148 
1.908001, 0.420844 
1.528401, 0.591022 
1.728601, 0.502643 
1.708802, 0.519099 
1.788601, 0.474836 
1.349002, 0.577504 
1.488601, 0.598023 
1.508401, 0.591061 
1.248801, 0.541373 
1.029202, 0.431044 
1.268801, 0.548560 
1.648401, 0.544693 
1.308801, 0.568730 
1.188601, 0.513896 
1.988201, 0.383330 
1.588401, 0.576621 
1.888601, 0.425494 
1.049402, 0.448601 
1.948201, 0.400420 
1.468601, 0.594027 
1.848601, 0.442851 
1.288801, 0.556253 
1.408601, 0.593765 
1.928201, 0.409635 
1.169201, 0.506104 
1.129402, 0.485298 
1.808801, 0.469327 
1.549001, 0.580985 
1.968601, 0.392602 
1.208802, 0.525662 
1.688801, 0.519166 
1.668801, 0.534485 
1.149402, 0.499953 
1.009402, 0.415936 
1.368801, 0.587972 
1.109402, 0.476913 
1.568401, 0.575719 
1.089402, 0.477396 
1.448601, 0.593562 
1.388801, 0.594701 
1.428601, 0.592174 
1.328802, 0.575866 
1.229402, 0.534418 
1.868401, 0.434846 
1.828802, 0.457942 
1.748801, 0.499319 
1.628601, 0.555988 
1.029402, 0.443164 
1.349202, 0.588910 
1.728801, 0.508862 
1.069001, 0.456372 
1.768401, 0.484262 
1.309001, 0.569583 
1.709002, 0.517733 
1.788801, 0.478624 
1.249002, 0.544726 
1.269001, 0.550797 
1.528601, 0.583634 
1.508601, 0.590113 
1.488801, 0.594404 
1.608601, 0.565558 
1.908201, 0.417999 
1.648601, 0.549236 
1.049602, 0.457864 
1.188801, 0.512763 
1.888801, 0.424721 
1.169402, 0.512507 
1.588601, 0.574737 
1.988401, 0.385855 
1.129602, 0.480031 
1.848801, 0.440807 
1.468801, 0.601494 
1.009602, 0.445288 
1.549201, 0.591583 
1.948401, 0.405636 
1.149602, 0.494774 
1.669001, 0.531647 
1.408801, 0.606948 
1.289001, 0.558127 
1.809001, 0.461564 
1.968801, 0.395707 
1.689001, 0.528937 
1.109602, 0.473378 
1.089602, 0.477196 
1.928401, 0.407105 
1.209002, 0.532048 
1.229602, 0.537994 
1.369002, 0.583797 
1.568601, 0.573026 
1.448802, 0.593041 
1.029602, 0.429189 
1.309201, 0.569715 
1.428801, 0.590010 
1.329002, 0.573644 
1.389001, 0.591214 
1.349402, 0.579147 
1.749002, 0.496475 
1.829002, 0.456695 
1.868601, 0.440478 
1.729002, 0.507383 
1.069201, 0.451107 
1.789001, 0.480846 
1.709202, 0.513054 
1.628801, 0.555922 
1.169602, 0.501615 
1.249202, 0.540771 
1.768601, 0.488929 
1.269202, 0.549415 
1.049802, 0.453030 
1.508801, 0.588790 
1.189001, 0.518278 
1.528801, 0.580219 
1.489002, 0.593914 
1.889001, 0.431291 
1.608801, 0.562693 
1.009802, 0.411792 
1.908401, 0.414132 
1.648801, 0.543206 
1.849002, 0.444732 
1.129802, 0.485980 
1.588802, 0.567492 
1.109802, 0.487470 
1.149802, 0.489617 
1.089802, 0.482216 
1.549402, 0.584781 
1.809201, 0.466631 
1.669201, 0.536804 
1.988601, 0.388158 
1.689201, 0.523669 
1.469002, 0.599892 
1.969002, 0.389090 
1.948601, 0.404683 
1.289201, 0.554623 
1.409001, 0.594264 
1.229802, 0.537342 
1.209202, 0.528527 
1.928601, 0.407382 
1.309402, 0.572689 
1.349602, 0.583002 
1.029802, 0.427163 
1.749202, 0.490470 
1.369202, 0.590264 
1.568801, 0.575815 
1.449002, 0.598658 
1.829202, 0.454838 
1.429001, 0.591108 
1.729202, 0.507150 
1.329202, 0.578703 
1.389202, 0.591003 
1.169802, 0.508549 
1.789201, 0.475416 
1.709402, 0.516062 
1.868801, 0.436566 
1.069402, 0.462626 
1.050002, 0.444940 
1.629001, 0.555166 
1.010002, 0.433314 
1.189201, 0.510479 
1.249402, 0.548042 
1.269402, 0.550590 
1.889202, 0.425771 
1.768801, 0.490535 
1.489202, 0.592898 
1.090002, 0.465719 
1.150002, 0.493237 
1.509001, 0.594412 
1.529001, 0.582925 
1.110002, 0.479437 
1.609002, 0.558464 
1.130002, 0.481200 
1.849202, 0.446038 
1.549602, 0.586217 
1.669402, 0.537044 
1.649001, 0.542806 
1.809402, 0.465372 
1.589002, 0.570455 
1.230002, 0.542404 
1.908601, 0.412220 
1.689402, 0.527181 
1.988801, 0.385260 
1.469202, 0.599610 
1.969202, 0.393355 
1.289402, 0.557241 
1.349802, 0.587097 
1.409202, 0.598480 
1.948802, 0.401656 
1.309602, 0.571249 
1.209402, 0.525087 
1.030002, 0.440346 
1.749402, 0.497006 
1.928801, 0.408035 
1.729402, 0.508631 
1.369402, 0.583405 
1.170002, 0.503307 
1.829402, 0.455531 
1.789402, 0.472529 
1.569001, 0.574577 
1.709602, 0.517561 
1.449202, 0.589339 
1.429201, 0.596999 
1.389402, 0.595469 
1.329402, 0.575159 
1.010202, 0.424048 
1.050202, 0.450501 
1.189402, 0.513419 
1.069602, 0.456357 
1.130202, 0.487367 
1.869002, 0.436295 
1.090202, 0.480199 
1.110202, 0.481190 
1.629202, 0.555195 
1.889402, 0.431550 
1.150202, 0.497078 
1.249602, 0.541621 
1.269602, 0.553099 
1.849402, 0.444673 
1.669602, 0.535937 
1.549802, 0.579711 
1.809602, 0.463255 
1.489402, 0.595379 
1.769001, 0.486827 
1.230202, 0.538463 
1.509202, 0.592635 
1.529202, 0.594557 
1.609202, 0.570986 
1.689602, 0.525679 
1.649202, 0.543794 
1.589202, 0.572523 
1.969402, 0.387897 
1.908801, 0.420858 
1.309802, 0.566464 
1.350002, 0.582770 
1.030202, 0.449028 
1.469402, 0.601608 
1.409402, 0.591586 
1.989002, 0.381320 
1.289602, 0.553736 
1.209602, 0.529700 
1.749602, 0.492543 
1.949002, 0.402098 
1.170202, 0.505594 
1.729602, 0.511106 
1.829602, 0.450458 
1.789602, 0.479380 
1.709802, 0.519222 
1.929001, 0.405011 
1.369602, 0.587634 
1.010402, 0.427037 
1.050402, 0.444864 
1.569201, 0.575145 
1.189602, 0.516444 
1.449402, 0.594178 
1.429402, 0.597032 
1.090402, 0.471099 
1.389602, 0.582813 
1.130402, 0.487495 
1.329602, 0.573846 
1.150402, 0.499208 
1.110402, 0.475437 
1.849602, 0.445423 
1.069802, 0.461337 
1.550002, 0.575507 
1.889602, 0.429187 
1.669802, 0.536985 
1.230402, 0.529356 
1.629402, 0.558447 
1.869202, 0.436210 
1.249802, 0.548639 
1.809802, 0.462743 
1.269802, 0.553861 
1.689802, 0.522400 
1.489602, 0.596670 
1.769202, 0.483759 
1.509402, 0.592094 
1.529402, 0.586466 
1.310002, 0.573884 
1.609402, 0.563522 
1.969602, 0.392000 
1.350202, 0.587094 
1.030402, 0.457742 
1.649402, 0.549219 
1.589402, 0.569985 
1.909001, 0.418607 
1.289802, 0.562094 
1.469602, 0.602206 
1.409602, 0.599197 
1.170402, 0.506275 
1.749802, 0.497202 
1.989202, 0.385502 
1.209802, 0.523934 
1.729802, 0.508684 
1.829802, 0.454251 
1.789802, 0.473574 
1.710002, 0.510650 
1.010602, 0.434199 
1.949202, 0.399685 
1.090602, 0.462042 
1.050602, 0.456845 
1.189802, 0.510497 
1.110602, 0.483033 
1.369802, 0.583899 
1.929201, 0.409000 
1.130602, 0.487207 
1.150602, 0.492275 
1.569402, 0.576269 
1.429602, 0.597803 
1.449602, 0.600315 
1.389802, 0.586364 
1.849802, 0.441956 
1.329802, 0.573306 
1.889802, 0.431225 
1.550202, 0.581868 
1.070002, 0.451925 
1.670002, 0.533034 
1.230602, 0.534766 
1.810002, 0.463061 
1.310202, 0.563347 
1.629602, 0.557274 
1.250002, 0.545448 
1.270002, 0.544424 
1.869402, 0.437492 
1.690002, 0.523171 
1.350402, 0.586154 
1.489802, 0.593321 
1.030602, 0.433935 
1.529602, 0.585769 
1.969802, 0.391063 
1.769402, 0.484099 
1.509602, 0.596980 
1.609602, 0.554252 
1.589602, 0.566536 
1.649602, 0.548429 
1.290002, 0.563931 
1.170602, 0.504562 
1.750002, 0.492979 
1.469802, 0.593406 
1.909202, 0.416981 
1.409802, 0.591757 
1.730002, 0.510033 
1.830002, 0.454591 
1.210002, 0.525751 
1.010802, 0.423316 
1.190002, 0.517129 
1.790002, 0.477307 
1.050802, 0.452711 
1.090802, 0.478616 
1.130802, 0.485662 
1.989402, 0.386177 
1.710202, 0.516236 
1.110802, 0.475384 
1.370002, 0.588502 
1.150802, 0.501560 
1.949402, 0.401555 
1.929402, 0.403139 
1.429802, 0.595078 
1.550402, 0.575408 
1.569602, 0.577667 
1.850002, 0.443607 
1.230802, 0.532659 
1.390002, 0.584806 
1.449802, 0.591073 
1.890002, 0.426162 
1.330002, 0.576846 
1.670202, 0.533811 
1.070202, 0.457041 
1.810202, 0.465653 
1.310402, 0.568665 
1.270202, 0.543592 
1.250202, 0.539379 
1.030802, 0.457345 
1.350602, 0.580260 
1.690202, 0.525150 
1.629802, 0.556885 
1.970002, 0.392850 
1.869602, 0.436662 
1.490002, 0.594545 
1.529802, 0.591216 
1.170802, 0.502415 
1.769602, 0.486700 
1.509802, 0.595226 
1.609802, 0.564189 
1.589802, 0.569200 
1.011002, 0.416203 
1.750202, 0.497412 
1.649802, 0.545702 
1.730202, 0.511739 
1.290202, 0.561366 
1.091002, 0.469909 
1.470002, 0.593522 
1.190202, 0.516348 
1.830202, 0.456049 
1.410002, 0.593360 
1.909402, 0.416559 
1.210202, 0.523040 
1.051002, 0.446523 
1.131002, 0.496966 
1.710402, 0.518660 
1.790202, 0.474689 
1.111002, 0.480075 
1.151002, 0.497218 
1.989602, 0.382952 
1.370202, 0.591531 
1.550602, 0.579767 
1.949602, 0.401576 
1.231002, 0.534748 
1.850202, 0.444373 
1.890202, 0.424175 
1.569802, 0.583563 
1.929602, 0.408472 
1.670402, 0.537923 
1.810402, 0.463121 
1.430002, 0.603597 
1.390202, 0.588887 
1.450002, 0.596659 
1.330202, 0.572234 
1.070402, 0.450772 
1.310602, 0.569178 
1.350802, 0.579261 
1.031002, 0.436400 
1.270402, 0.553384 
1.250402, 0.542868 
1.690402, 0.530853 
1.970202, 0.392573 
1.171002, 0.507139 
1.630002, 0.554502 
1.530002, 0.595215 
1.490202, 0.596379 
1.869802, 0.436486 
1.011202, 0.428270 
1.510002, 0.591454 
1.091202, 0.464939 
1.769802, 0.487920 
1.190402, 0.521467 
1.610002, 0.565053 
1.051202, 0.457881 
1.750402, 0.496043 
1.730402, 0.507687 
1.590002, 0.566088 
1.131202, 0.487855 
1.790402, 0.478608 
1.290402, 0.553869 
1.470202, 0.595290 
1.111202, 0.473012 
1.650002, 0.542342 
1.830402, 0.450647 
1.710602, 0.518811 
1.410202, 0.594090 
1.210402, 0.525457 
1.909602, 0.413533 
1.151202, 0.499336 
1.231202, 0.532746 
1.850402, 0.443802 
1.670602, 0.535640 
1.550802, 0.587540 
1.370402, 0.586263 
1.989802, 0.384837 
1.890402, 0.424176 
1.810602, 0.461290 
1.949802, 0.399108 
1.390402, 0.594785 
1.351002, 0.586912 
1.310802, 0.569972 
1.570002, 0.578902 
1.330402, 0.571045 
1.929802, 0.406399 
1.430202, 0.597661 
1.070602, 0.453489 
1.450202, 0.601132 
1.031202, 0.453376 
1.270602, 0.554077 
1.171202, 0.510519 
1.250602, 0.543561 
1.690602, 0.522893 
1.011402, 0.418426 
1.970402, 0.393097 
1.630202, 0.553517 
1.051402, 0.448671 
1.530202, 0.585823 
1.490402, 0.598669 
1.091402, 0.481291 
1.131402, 0.481988 
1.190602, 0.522854 
1.750602, 0.496035 
1.870002, 0.433401 
1.510202, 0.593219 
1.111402, 0.487021 
1.730602, 0.503251 
1.770002, 0.484214 
1.710802, 0.514999 
1.610202, 0.562915 
1.790602, 0.475821 
1.830602, 0.457077 
1.590202, 0.571137 
1.290602, 0.560763 
1.151402, 0.515523 
1.470402, 0.594919 
1.650202, 0.544366 
1.210602, 0.523158 
1.231402, 0.534355 
1.410402, 0.597989 
1.909802, 0.416261 
1.670802, 0.532022 
1.850602, 0.444139 
1.551002, 0.586614 
1.890602, 0.425389 
1.370602, 0.580883 
1.311002, 0.571052 
1.810802, 0.466614 
1.430402, 0.606430 
1.351202, 0.583872 
1.990002, 0.381365 
1.390602, 0.594086 
1.031402, 0.436918 
1.070802, 0.463111 
1.330602, 0.577500 
1.570202, 0.583803 
1.930002, 0.410380 
1.450402, 0.600037 
1.950002, 0.398977 
1.171402, 0.506633 
1.690802, 0.523510 
1.011602, 0.422384 
1.270802, 0.550982 
1.970602, 0.393052 
1.250802, 0.543844 
1.051602, 0.451406 
1.190802, 0.522003 
1.091602, 0.472896 
1.630402, 0.554490 
1.131602, 0.493587 
1.111602, 0.481504 
1.490602, 0.590104 
1.530402, 0.594452 
1.750802, 0.499000 
1.830802, 0.453669 
1.730802, 0.507297 
1.711002, 0.514665 
1.610402, 0.561264 
1.510402, 0.595588 
1.470602, 0.594702 
1.151602, 0.495758 
1.870202, 0.435666 
1.790802, 0.474848 
1.231602, 0.532741 
1.770202, 0.488657 
1.290802, 0.566201 
1.590402, 0.562910 
1.650402, 0.547189 
1.210802, 0.525899 
1.410602, 0.600222 
1.910002, 0.421155 
1.850802, 0.441436 
1.551202, 0.579013 
1.890802, 0.428440 
1.671002, 0.538323 
1.311202, 0.564422 
1.370802, 0.589562 
1.811002, 0.465328 
1.351402, 0.579543 
1.430602, 0.594178 
1.031602, 0.432223 
1.071002, 0.455681 
1.390802, 0.589160 
1.330802, 0.575914 
1.171602, 0.505870 
1.990202, 0.383986 
1.570402, 0.571222 
1.011802, 0.439345 
1.691002, 0.524984 
1.051802, 0.452584 
1.450602, 0.593737 
1.930202, 0.408350 
1.950202, 0.398381 
1.091802, 0.470021 
1.191002, 0.519330 
1.131802, 0.490871 
1.271002, 0.542972 
1.970802, 0.391451 
1.111802, 0.485316 
1.251002, 0.547933 
1.630602, 0.550168 
1.831002, 0.453361 
1.151802, 0.495203 
1.731002, 0.506961 
1.751002, 0.494829 
1.530602, 0.585479 
1.490802, 0.596036 
1.231802, 0.536026 
1.711202, 0.511251 
1.291002, 0.565462 
1.510602, 0.598056 
1.610602, 0.555410 
1.791002, 0.473425 
1.470802, 0.596772 
1.870402, 0.435652 
1.590602, 0.570470 
1.770402, 0.486555 
1.851002, 0.441732 
1.211002, 0.530386 
1.910202, 0.420368 
1.410802, 0.594113 
1.650602, 0.540162 
1.671202, 0.538407 
1.551402, 0.588509 
1.311402, 0.563534 
1.891002, 0.425791 
1.351602, 0.571540 
1.811202, 0.468218 
1.371002, 0.583951 
1.430802, 0.591640 
1.031802, 0.434376 
1.171802, 0.500262 
1.012002, 0.423853 
1.052002, 0.447859 
1.071202, 0.467842 
1.691202, 0.520203 
1.331002, 0.579279 
1.112002, 0.471166 
1.391002, 0.596005 
1.092002, 0.472353 
1.132002, 0.488639 
1.570602, 0.577144 
1.450802, 0.597290 
1.191202, 0.514697 
1.990402, 0.382111 
1.271202, 0.546483 
1.971002, 0.389253 
1.950402, 0.396566 
1.930402, 0.407061 
1.251202, 0.535469 
1.731202, 0.512393 
1.152002, 0.499358 
1.751202, 0.495849 
1.831202, 0.455067 
1.630802, 0.560790 
1.232002, 0.528613 
1.491002, 0.596958 
1.530802, 0.585983 
1.791202, 0.471541 
1.711402, 0.515716 
1.610802, 0.562093 
1.291202, 0.556896 
1.510802, 0.594727 
1.471002, 0.597136 
1.851202, 0.442938 
1.311602, 0.566609 
1.870602, 0.436344 
1.211202, 0.523480 
1.590802, 0.569043 
1.770602, 0.484527 
1.671402, 0.528429 
1.891202, 0.426374 
1.351802, 0.581243 
1.551602, 0.579375 
1.411002, 0.592971 
1.811402, 0.464182 
1.650802, 0.548299 
1.910402, 0.418554 
1.371202, 0.589976 
1.032002, 0.438209 
1.172002, 0.504413 
1.691402, 0.529436 
1.012202, 0.417666 
1.112202, 0.474559 
1.052202, 0.450307 
1.431002, 0.597995 
1.092202, 0.464926 
1.071402, 0.464143 
1.331202, 0.576663 
1.132202, 0.486115 
1.391202, 0.588842 
1.191402, 0.507068 
1.971202, 0.391517 
1.570802, 0.575812 
1.451002, 0.598240 
1.152202, 0.500475 
1.271402, 0.555510 
1.990602, 0.384106 
1.930602, 0.409219 
1.251402, 0.544514 
1.751402, 0.492382 
1.950602, 0.399884 
1.731402, 0.505695 
1.232202, 0.535429 
1.831402, 0.452199 
1.631002, 0.554893 
1.791402, 0.475633 
1.491202, 0.594161 
1.531002, 0.589904 
1.291402, 0.561571 
1.711602, 0.513761 
1.611002, 0.561906 
1.311802, 0.566691 
1.511002, 0.588201 
1.471202, 0.601534 
1.851402, 0.444870 
1.671602, 0.530143 
1.352002, 0.578879 
1.211402, 0.529000 
1.891402, 0.422929 
1.551802, 0.577927 
1.172202, 0.502453 
1.032202, 0.429777 
1.591002, 0.573705 
1.870802, 0.434446 
1.411202, 0.598477 
1.012402, 0.420428 
1.811602, 0.461278 
1.770802, 0.488211 
1.371402, 0.587103 
1.112402, 0.475416 
1.052402, 0.444209 
1.651002, 0.545576 
1.691602, 0.528492 
1.092402, 0.474589 
1.910602, 0.417868 
1.132402, 0.480432 
1.071602, 0.456582 
1.431202, 0.600254 
1.331402, 0.578888 
1.971402, 0.388523 
1.191602, 0.514848 
1.391402, 0.591156 
1.152402, 0.496114 
1.571002, 0.570704 
1.451202, 0.596818 
1.731602, 0.504635 
1.751602, 0.499188 
1.232402, 0.533858 
1.271602, 0.551946 
1.990802, 0.382863 
1.251602, 0.541375 
1.930802, 0.406866 
1.831602, 0.451484 
1.950802, 0.403133 
1.791602, 0.472797 
1.711802, 0.513195 
1.631202, 0.551739 
1.491402, 0.593685 
1.291602, 0.563206 
1.352202, 0.582059 
1.531202, 0.588096 
1.552002, 0.579087 
1.671802, 0.530066 
1.312002, 0.563665 
1.611202, 0.557630 
1.032402, 0.442704 
1.891602, 0.424957 
1.172402, 0.505155 
1.511202, 0.592487 
1.851602, 0.447310 
1.052602, 0.451905 
1.471402, 0.603222 
1.112602, 0.478029 
1.012602, 0.427979 
1.211602, 0.530106 
1.092602, 0.472852 
1.871002, 0.435991 
1.811802, 0.464599 
1.411402, 0.592615 
1.371602, 0.588041 
1.132602, 0.489008 
1.591202, 0.564189 
1.771002, 0.486580 
1.691802, 0.531506 
1.651202, 0.545027 
1.071802, 0.458211 
1.910802, 0.416773 
1.431402, 0.601546 
1.191802, 0.515391 
1.152602, 0.492276 
1.331602, 0.578873 
1.971602, 0.388150 
1.232602, 0.529004 
1.391602, 0.589052 
1.731802, 0.503016 
1.751802, 0.496498 
1.571202, 0.574887 
1.451402, 0.597179 
1.271802, 0.555693 
1.831802, 0.456947 
1.251802, 0.545260 
1.991002, 0.383608 
1.931002, 0.406325 
1.352402, 0.585463 
1.791802, 0.476278 
1.552202, 0.578028 
1.951002, 0.402923 
1.052802, 0.456221 
1.312202, 0.570191 
1.712002, 0.509599 
1.032602, 0.434027 
1.672002, 0.533123 
1.491602, 0.595914 
1.112802, 0.480193 
1.172602, 0.501276 
1.291802, 0.558483 
1.631402, 0.553201 
1.092802, 0.466477 
1.012802, 0.428994 
1.891802, 0.428206 
1.611402, 0.558478 
1.531402, 0.587714 
1.851802, 0.440103 
1.471602, 0.597323 
1.511402, 0.600155 
1.211802, 0.525649 
1.812002, 0.464340 
1.192002, 0.518247 
1.132802, 0.489622 
1.152802, 0.493773 
1.411602, 0.599704 
1.371802, 0.585617 
1.692002, 0.526113 
1.871202, 0.437649 
1.771202, 0.481441 
1.591402, 0.570873 
1.072002, 0.447272 
1.971802, 0.390721 
1.651402, 0.541448 
1.911002, 0.416158 
1.431602, 0.594974 
1.331802, 0.569824 
1.232802, 0.536929 
1.732002, 0.504187 
1.752002, 0.494305 
1.391802, 0.589277 
1.451602, 0.595400 
1.272002, 0.556536 
1.832002, 0.452701 
1.571402, 0.574564 
1.312402, 0.566849 
1.991202, 0.383619 
1.352602, 0.585581 
1.252002, 0.540995 
1.552402, 0.575661 
1.053002, 0.457618 
1.113002, 0.472098 
1.032802, 0.437196 
1.792002, 0.471436 
1.672202, 0.537326 
1.172802, 0.510254 
1.931202, 0.406817 
1.093002, 0.474327 
1.712202, 0.517499 
1.013002, 0.448065 
1.292002, 0.560808 
1.951202, 0.397575 
1.892002, 0.422215 
1.491802, 0.595631 
1.631602, 0.552733 
1.852002, 0.446804 
1.133002, 0.484097 
1.153002, 0.500773 
1.531602, 0.588774 
1.692202, 0.526944 
1.192202, 0.519756 
1.812202, 0.458170 
1.611602, 0.559449 
1.471802, 0.592197 
1.212002, 0.535986 
1.511602, 0.590155 
1.411802, 0.598282 
1.372002, 0.586566 
1.771402, 0.482599 
1.871402, 0.436787 
1.972002, 0.390655 
1.591602, 0.566265 
1.072202, 0.462319 
1.233002, 0.538165 
1.332002, 0.570043 
1.651602, 0.539656 
1.431802, 0.597351 
1.911202, 0.414399 
1.752202, 0.489643 
1.732202, 0.504669 
1.832202, 0.451936 
1.392002, 0.589211 
1.272202, 0.547383 
1.451802, 0.596876 
1.312602, 0.564796 
1.571602, 0.573090 
1.352802, 0.577588 
1.033002, 0.444952 
1.113202, 0.483187 
1.252202, 0.553046 
1.053202, 0.467638 
1.173002, 0.505076 
1.552602, 0.579638 
1.013202, 0.437450 
1.792202, 0.474594 
1.672402, 0.533536 
1.093202, 0.469172 
1.991402, 0.382838 
1.712402, 0.513697 
1.292202, 0.560138 
1.153202, 0.492230 
1.931402, 0.411313 
1.133202, 0.479092 
1.192402, 0.524282 
1.631802, 0.547385 
1.892202, 0.426024 
1.692402, 0.523054 
1.852202, 0.443836 
1.951402, 0.396992 
1.531802, 0.590317 
1.492002, 0.593310 
1.812402, 0.465421 
1.212202, 0.526870 
1.472002, 0.594294 
1.611802, 0.565485 
1.511802, 0.588811 
1.972202, 0.390557 
1.412002, 0.592768 
1.372202, 0.587864 
1.233202, 0.535424 
1.771602, 0.484214 
1.871602, 0.433357 
1.072402, 0.464667 
1.591802, 0.578934 
1.432002, 0.595384 
1.752402, 0.485815 
1.332202, 0.574783 
1.732402, 0.502328 
1.651802, 0.546875 
1.911402, 0.418615 
1.033202, 0.432984 
1.832402, 0.454215 
1.353002, 0.581859 
1.113402, 0.475153 
1.272402, 0.552295 
1.312802, 0.570396 
1.392202, 0.588629 
1.013402, 0.437998 
1.452002, 0.593849 
1.173202, 0.512561 
1.053402, 0.449769 
1.571802, 0.578225 
1.252402, 0.543847 
1.672602, 0.529234 
1.792402, 0.473625 
1.093402, 0.458575 
1.552802, 0.583817 
1.153402, 0.497012 
1.991602, 0.382129 
1.712602, 0.513381 
1.133402, 0.488674 
1.292402, 0.555848 
1.192602, 0.517802 
1.892402, 0.429081 
1.812602, 0.465521 
1.692602, 0.526622 
1.852402, 0.445887 
1.931602, 0.407547 
1.632002, 0.553643 
1.532002, 0.586865 
1.492202, 0.600814 
1.951602, 0.396724 
1.212402, 0.528211 
1.512002, 0.591799 
1.233402, 0.535232 
1.472202, 0.593145 
1.972402, 0.388053 
1.412202, 0.590757 
1.612002, 0.562890 
1.372402, 0.588855 
1.072602, 0.470602 
1.732602, 0.509220 
1.771802, 0.481132 
1.871802, 0.436706 
1.592002, 0.563370 
1.432202, 0.604142 
1.752602, 0.494754 
1.113602, 0.471650 
1.033402, 0.458073 
1.332402, 0.577963 
1.652002, 0.541945 
1.013602, 0.435712 
1.832602, 0.457622 
1.353202, 0.589640 
1.313002, 0.568656 
1.911602, 0.414627 
1.053602, 0.458736 
1.173402, 0.510457 
1.272602, 0.555362 
1.553002, 0.583521 
1.392402, 0.588054 
1.792602, 0.470300 
1.093602, 0.473721 
1.452202, 0.592979 
1.252602, 0.543223 
1.153602, 0.495936 
1.672802, 0.535623 
1.572002, 0.579561 
1.133602, 0.497455 
1.712802, 0.519551 
1.192802, 0.513124 
1.991802, 0.384819 
1.852602, 0.441008 
1.892602, 0.424532 
1.812802, 0.465490 
1.292602, 0.558805 
1.692802, 0.526213 
1.931802, 0.406530 
1.632202, 0.548144 
1.532202, 0.584887 
1.492402, 0.598494 
1.212602, 0.531745 
1.233602, 0.532630 
1.972602, 0.392051 
1.612202, 0.555613 
1.512202, 0.587191 
1.472402, 0.597941 
1.412402, 0.595891 
1.951802, 0.402212 
1.072802, 0.472797 
1.732802, 0.503348 
1.372602, 0.588735 
1.752802, 0.491938 
1.013802, 0.440242 
1.113802, 0.478906 
1.872002, 0.433272 
1.033602, 0.455286 
1.313202, 0.570680 
1.772002, 0.485309 
1.592202, 0.567600 
1.432402, 0.601876 
1.832802, 0.448996 
1.652202, 0.546337 
1.353402, 0.577911 
1.332602, 0.577881 
1.053802, 0.446323 
1.173602, 0.515495 
1.553202, 0.581537 
1.093802, 0.465673 
1.911802, 0.415311 
1.792802, 0.472228 
1.153802, 0.500383 
1.452402, 0.597545 
1.272802, 0.546397 
1.392602, 0.593302 
1.252802, 0.541925 
1.133802, 0.491147 
1.673002, 0.531134 
1.193002, 0.520478 
1.713002, 0.513792 
1.572202, 0.574793 
1.852802, 0.446792 
1.892802, 0.428468 
1.813002, 0.460379 
1.292802, 0.566761 
1.992002, 0.386571 
1.693002, 0.526989 
1.233802, 0.537241 
1.212802, 0.524797 
1.932002, 0.406184 
1.612402, 0.561780 
1.532402, 0.578368 
1.632402, 0.555042 
1.492602, 0.594684 
1.972802, 0.390012 
1.733002, 0.502668 
1.472602, 0.593500 
1.412602, 0.589493 
1.014002, 0.437433 
1.512402, 0.590500 
1.073002, 0.464083 
1.952002, 0.395911 
1.753002, 0.489684 
1.114002, 0.486448 
1.313402, 0.563384 
1.372802, 0.584016 
1.592402, 0.572252 
1.353602, 0.584662 
1.033802, 0.453012 
1.872202, 0.434462 
1.833002, 0.454583 
1.054002, 0.453539 
1.094002, 0.476872 
1.652402, 0.548424 
1.432602, 0.598639 
1.173802, 0.507479 
1.332802, 0.576906 
1.772202, 0.479842 
1.553402, 0.580436 
1.154002, 0.497724 
1.793002, 0.474048 
1.392802, 0.597139 
1.273002, 0.551403 
1.673202, 0.538934 
1.452602, 0.600188 
1.193202, 0.512953 
1.912002, 0.417876 
1.134002, 0.495296 
1.253002, 0.540405 
1.713202, 0.517106 
1.813202, 0.465543 
1.572402, 0.571310 
1.853002, 0.443184 
1.893002, 0.426274 
1.293002, 0.562935 
1.693202, 0.528656 
1.234002, 0.544793 
1.992202, 0.380554 
1.213002, 0.527416 
1.932202, 0.408505 
1.014202, 0.415418 
1.973002, 0.389853 
1.632602, 0.553014 
1.612602, 0.555841 
1.532602, 0.589544 
1.492802, 0.595756 
1.733202, 0.497750 
1.472802, 0.601025 
1.114202, 0.485258 
1.753202, 0.494426 
1.412802, 0.588127 
1.034002, 0.448760 
1.313602, 0.564318 
1.073202, 0.452587 
1.512602, 0.588728 
1.353802, 0.580320 
1.373002, 0.580830 
1.952202, 0.401958 
1.833202, 0.452766 
1.054202, 0.451446 
1.094202, 0.477654 
1.592602, 0.566266 
1.174002, 0.502736 
1.154202, 0.498584 
1.872402, 0.437256 
1.432802, 0.604202 
1.652602, 0.545453 
1.553602, 0.582696 
1.134202, 0.493189 
1.333002, 0.576680 
1.673402, 0.529122 
1.772402, 0.482928 
1.793202, 0.469190 
1.273202, 0.547481 
1.193402, 0.518872 
1.393002, 0.588059 
1.253202, 0.545127 
1.452802, 0.594920 
1.713402, 0.510308 
1.813402, 0.463741 
1.912202, 0.417065 
1.853202, 0.440912 
1.572602, 0.575063 
1.234202, 0.539877 
1.893202, 0.426555 
1.293202, 0.566600 
1.693402, 0.521081 
1.014402, 0.426080 
1.992402, 0.381065 
1.973202, 0.389664 
1.213202, 0.524094 
1.733402, 0.502873 
1.114402, 0.478809 
1.313802, 0.567571 
1.632802, 0.557974 
1.932402, 0.406592 
1.354002, 0.584846 
1.034202, 0.442090 
1.612802, 0.561351 
1.473002, 0.598142 
1.493002, 0.597309 
1.413002, 0.599007 
1.753402, 0.493061 
1.532802, 0.583157 
1.073402, 0.458046 
1.094402, 0.463185 
1.512802, 0.592914 
1.174202, 0.504566 
1.373202, 0.585922 
1.054402, 0.457214 
1.833402, 0.456787 
1.134402, 0.480964 
1.154402, 0.501623 
1.592802, 0.566464 
1.952402, 0.399728 
1.673602, 0.535036 
1.433002, 0.592167 
1.553802, 0.579926 
1.872602, 0.435401 
1.652802, 0.539964 
1.793402, 0.472422 
1.333202, 0.573721 
1.193602, 0.513798 
1.713602, 0.513108 
1.273402, 0.555294 
1.253402, 0.551719 
1.772602, 0.480433 
1.234402, 0.537701 
1.453002, 0.596233 
1.813602, 0.465768 
1.393202, 0.596320 
1.853402, 0.442066 
1.893402, 0.423774 
1.912402, 0.414182 
1.572802, 0.574466 
1.693602, 0.524488 
1.014602, 0.433567 
1.293402, 0.567096 
1.314002, 0.568529 
1.973402, 0.388183 
1.114602, 0.484221 
1.213402, 0.524171 
1.992602, 0.380356 
1.733602, 0.505464 
1.034402, 0.427566 
1.413202, 0.592152 
1.753602, 0.488808 
1.354202, 0.582019 
1.633002, 0.552413 
1.094602, 0.466066 
1.932602, 0.407092 
1.493202, 0.596556 
1.533002, 0.589712 
1.613002, 0.561692 
1.073602, 0.463405 
1.473202, 0.593740 
1.174402, 0.514490 
1.833602, 0.456083 
1.134602, 0.490519 
1.054602, 0.445485 
1.373402, 0.582758 
1.513002, 0.587357 
1.154602, 0.500162 
1.554002, 0.577452 
1.593002, 0.571027 
1.673802, 0.536844 
1.433202, 0.599085 
1.952602, 0.395874 
1.193802, 0.513370 
1.793602, 0.469399 
1.333402, 0.577216 
1.653002, 0.539500 
1.234602, 0.541699 
1.872802, 0.434027 
1.713802, 0.515223 
1.253602, 0.539647 
1.273602, 0.547727 
1.813802, 0.465281 
1.453202, 0.594957 
1.772802, 0.483987 
1.853602, 0.447128 
1.393402, 0.590450 
1.893602, 0.421648 
1.014802, 0.425000 
1.693802, 0.522485 
1.912602, 0.414502 
1.573002, 0.574519 
1.314202, 0.565992 
1.293602, 0.566417 
1.114802, 0.479902 
1.973602, 0.390727 
1.733802, 0.504614 
1.094802, 0.472724 
1.213602, 0.523771 
1.034602, 0.448061 
1.753802, 0.492913 
1.413402, 0.599052 
1.354402, 0.582043 
1.174602, 0.507819 
1.992802, 0.382506 
1.633202, 0.553272 
1.054802, 0.448443 
1.134802, 0.494102 
1.493402, 0.594406 
1.833802, 0.453034 
1.932802, 0.405553 
1.073802, 0.467211 
1.613202, 0.563891 
1.533202, 0.584080 
1.473402, 0.595932 
1.554202, 0.580383 
1.154802, 0.499564 
1.373602, 0.593311 
1.513202, 0.593189 
1.593202, 0.570792 
1.194002, 0.512185 
1.674002, 0.539459 
1.234802, 0.537349 
1.433402, 0.596182 
1.333602, 0.570927 
1.793802, 0.473829 
1.714002, 0.516461 
1.273802, 0.554142 
1.952802, 0.394098 
1.653202, 0.545952 
1.873002, 0.431486 
1.253802, 0.547490 
1.814002, 0.464900 
1.453402, 0.594655 
1.015002, 0.419822 
1.853802, 0.442819 
1.893802, 0.425082 
1.773002, 0.481628 
1.393602, 0.597247 
1.314402, 0.565782 
1.694002, 0.525943 
1.115003, 0.476535 
1.912802, 0.417981 
1.095003, 0.466593 
1.573202, 0.573251 
1.293802, 0.559857 
1.973802, 0.391761 
1.034802, 0.454168 
1.135002, 0.488802 
1.354602, 0.578262 
1.055002, 0.456704 
1.174802, 0.508156 
1.734002, 0.499571 
1.754002, 0.493571 
1.213802, 0.529885 
1.413602, 0.588475 
1.633402, 0.551154 
1.834002, 0.452817 
1.074002, 0.467588 
1.155002, 0.496729 
1.493602, 0.594092 
1.993002, 0.382826 
1.933002, 0.410134 
1.554402, 0.577435 
1.613402, 0.556815 
1.473602, 0.598033 
1.194202, 0.520433 
1.373802, 0.588620 
1.533402, 0.588510 
1.235003, 0.532932 
1.513402, 0.591643 
1.674202, 0.532709 
1.714202, 0.513633 
1.593402, 0.565264 
1.794002, 0.473602 
1.433602, 0.610085 
1.333802, 0.572091 
1.015203, 0.435147 
1.274002, 0.554090 
1.814202, 0.463449 
1.953002, 0.396752 
1.653402, 0.544177 
1.854002, 0.439019 
1.873202, 0.437066 
1.095203, 0.471972 
1.254002, 0.546797 
1.115203, 0.478180 
1.453602, 0.594666 
1.894002, 0.425241 
1.314602, 0.572264 
1.694202, 0.521676 
1.773202, 0.483734 
1.035002, 0.453508 
1.393802, 0.598511 
1.175002, 0.503045 
1.135203, 0.490688 
1.974002, 0.388421 
1.214002, 0.514953 
1.294002, 0.566324 
1.055202, 0.459132 
1.913002, 0.419322 
1.354802, 0.577086 
1.573402, 0.569836 
1.754202, 0.497386 
1.734202, 0.502837 
1.155203, 0.507333 
1.413802, 0.586992 
1.834202, 0.455672 
1.074202, 0.453835 
1.633602, 0.550412 
1.554602, 0.584566 
1.194402, 0.512696 
1.933202, 0.405361 
1.235203, 0.533994 
1.493802, 0.591321 
1.533602, 0.584857 
1.674402, 0.531157 
1.613602, 0.563286 
1.374002, 0.580249 
1.993202, 0.380398 
1.473802, 0.596434 
1.513602, 0.588199 
1.714402, 0.510454 
1.794202, 0.471877 
1.593602, 0.572106 
1.433802, 0.598084 
1.334002, 0.573274 
1.015403, 0.418623 
1.274202, 0.550721 
1.814402, 0.459160 
1.095403, 0.469544 
1.115403, 0.482684 
1.953202, 0.400343 
1.653602, 0.548802 
1.314802, 0.565442 
1.854202, 0.441575 
1.694402, 0.522736 
1.254202, 0.537867 
1.873402, 0.433411 
1.894202, 0.428384 
1.035203, 0.436229 
1.394002, 0.587713 
1.453802, 0.599773 
1.175202, 0.507955 
1.055403, 0.456530 
1.773402, 0.479691 
1.135403, 0.492804 
1.974202, 0.386168 
1.214202, 0.525186 
1.355003, 0.586328 
1.294202, 0.568483 
1.754402, 0.493553 
1.554802, 0.582587 
1.913202, 0.416336 
1.155403, 0.490672 
1.573602, 0.582574 
1.414002, 0.591149 
1.734402, 0.502404 
1.194602, 0.523379 
1.074402, 0.457553 
1.834402, 0.453221 
1.235403, 0.534940 
1.633802, 0.547672 
1.674602, 0.535131 
1.533802, 0.589491 
1.374202, 0.588695 
1.613802, 0.562627 
1.933402, 0.410357 
1.494002, 0.592122 
1.794402, 0.478323 
1.714602, 0.509759 
1.474002, 0.590390 
1.993402, 0.383355 
1.015603, 0.431654 
1.513802, 0.585715 
1.593802, 0.564255 
1.334202, 0.578435 
1.274402, 0.562441 
1.434002, 0.592326 
1.095603, 0.466168 
1.814602, 0.463778 
1.115603, 0.487091 
1.953402, 0.394139 
1.694602, 0.521583 
1.854402, 0.440859 
1.653802, 0.545140 
1.315002, 0.575813 
1.894402, 0.426844 
1.035403, 0.437892 
1.175403, 0.510291 
1.135603, 0.490901 
1.254402, 0.539911 
1.055603, 0.475047 
1.394202, 0.590300 
1.454002, 0.602032 
1.873602, 0.433948 
1.773602, 0.484829 
1.355203, 0.579937 
1.974402, 0.390629 
1.555002, 0.578790 
1.214402, 0.535187 
1.754602, 0.489340 
1.294402, 0.561343 
1.155603, 0.503802 
1.194802, 0.514364 
1.414202, 0.596397 
1.834602, 0.452614 
1.913402, 0.414609 
1.573802, 0.573247 
1.734602, 0.507042 
1.235603, 0.535210 
1.074602, 0.456982 
1.674802, 0.532497 
1.634002, 0.547039 
1.714803, 0.512827 
1.015803, 0.453619 
1.374402, 0.588253 
1.534002, 0.584628 
1.494202, 0.599742 
1.794602, 0.474126 
1.614002, 0.552057 
1.933602, 0.409627 
1.474202, 0.599785 
1.514002, 0.594581 
1.115803, 0.483923 
1.993602, 0.379452 
1.095803, 0.478072 
1.594002, 0.568349 
1.274602, 0.559976 
1.334402, 0.574291 
1.315202, 0.574077 
1.814802, 0.464587 
1.175603, 0.502698 
1.694802, 0.527805 
1.434202, 0.596016 
1.894602, 0.423999 
1.055803, 0.453612 
1.135803, 0.490014 
1.035603, 0.448521 
1.953602, 0.397215 
1.854602, 0.444249 
1.654002, 0.544081 
1.254602, 0.545330 
1.394402, 0.588988 
1.454202, 0.597135 
1.974602, 0.389044 
1.873802, 0.435082 
1.355403, 0.578529 
1.754802, 0.497687 
1.773802, 0.482560 
1.555202, 0.576167 
1.155803, 0.499162 
1.294602, 0.562342 
1.214602, 0.531752 
1.195002, 0.521097 
1.235803, 0.532241 
1.016003, 0.439068 
1.734802, 0.504402 
1.414402, 0.595712 
1.574002, 0.565370 
1.834803, 0.452689 
1.074802, 0.472234 
1.913602, 0.414856 
1.675002, 0.527685 
1.715003, 0.517881 
1.794802, 0.471482 
1.634202, 0.551494 
1.116003, 0.481436 
1.315403, 0.567992 
1.534202, 0.587827 
1.374602, 0.590762 
1.494402, 0.599278 
1.474402, 0.601920 
1.614202, 0.559901 
1.514202, 0.589253 
1.096003, 0.473681 
1.933802, 0.405893 
1.175803, 0.506815 
1.056003, 0.446309 
1.136003, 0.496459 
1.334602, 0.580149 
1.594202, 0.569810 
1.894802, 0.418795 
1.274802, 0.555059 
1.695002, 0.519465 
1.035803, 0.452425 
1.993802, 0.381959 
1.815002, 0.467772 
1.854802, 0.442847 
1.434402, 0.598523 
1.953802, 0.400093 
1.654202, 0.542428 
1.394602, 0.592543 
1.254802, 0.547801 
1.355603, 0.585497 
1.974802, 0.391192 
1.454402, 0.598282 
1.555403, 0.575622 
1.156003, 0.509294 
1.874002, 0.435140 
1.195202, 0.517073 
1.755002, 0.495913 
1.016203, 0.424504 
1.294802, 0.568415 
1.214803, 0.521538 
1.236003, 0.532431 
1.774002, 0.481271 
1.075002, 0.466378 
1.835003, 0.453924 
1.414602, 0.589201 
1.675202, 0.532901 
1.735003, 0.498795 
1.574202, 0.574881 
1.116203, 0.479775 
1.715203, 0.513855 
1.913802, 0.414481 
1.315603, 0.572527 
1.795002, 0.476394 
1.534402, 0.580906 
1.096203, 0.476209 
1.634402, 0.543971 
1.374802, 0.588891 
1.176003, 0.508835 
1.494602, 0.589750 
1.136203, 0.493339 
1.056203, 0.450145 
1.695202, 0.523443 
1.474602, 0.594269 
1.614402, 0.553256 
1.514402, 0.591657 
1.036003, 0.432393 
1.334803, 0.579898 
1.934002, 0.404671 
1.275002, 0.554646 
1.895002, 0.424206 
1.594402, 0.570491 
1.855003, 0.443140 
1.815202, 0.464887 
1.994002, 0.380850 
1.434602, 0.599545 
1.355803, 0.589994 
1.156203, 0.495641 
1.394802, 0.591721 
1.255002, 0.541501 
1.954002, 0.395691 
1.654402, 0.545461 
1.454602, 0.599819 
1.195403, 0.519050 
1.016403, 0.435129 
1.555603, 0.581948 
1.975003, 0.393626 
1.755203, 0.491887 
1.236203, 0.532474 
1.215003, 0.531890 
1.835203, 0.456321 
1.295002, 0.564810 
1.874202, 0.430372 
1.774202, 0.483674 
1.075202, 0.459261 
1.675403, 0.532197 
1.116403, 0.483700 
1.715403, 0.517120 
1.414802, 0.595645 
1.735203, 0.501757 
1.574402, 0.581099 
1.315803, 0.569676 
1.096403, 0.475192 
1.914002, 0.416553 
1.795202, 0.474399 
1.695403, 0.526197 
1.056403, 0.461107 
1.176203, 0.506514 
1.375003, 0.583886 
1.136403, 0.494008 
1.534602, 0.585642 
1.036203, 0.453598 
1.634602, 0.550394 
1.494802, 0.590957 
1.335003, 0.580209 
1.474802, 0.599018 
1.275203, 0.553231 
1.514602, 0.593146 
1.614602, 0.565502 
1.895203, 0.424955 
1.594602, 0.568544 
1.855203, 0.443705 
1.934202, 0.405987 
1.156403, 0.498872 
1.356003, 0.582431 
1.994202, 0.379213 
1.815403, 0.466569 
1.434802, 0.599414 
1.195603, 0.522290 
1.255203, 0.554593 
1.755403, 0.494649 
1.555803, 0.580604 
1.016603, 0.430624 
1.395002, 0.587862 
1.236403, 0.530501 
1.654602, 0.546332 
1.975203, 0.389999 
1.954202, 0.399278 
1.454803, 0.594015 
1.215203, 0.527191 
1.295202, 0.559697 
1.835403, 0.449734 
1.675603, 0.527398 
1.116603, 0.482181 
1.874402, 0.435217 
1.715603, 0.510425 
1.096603, 0.469815 
1.075402, 0.457073 
1.735403, 0.502061 
1.774402, 0.479687 
1.415002, 0.596695 
1.574602, 0.572594 
1.316003, 0.571603 
1.056603, 0.456981 
1.176403, 0.509090 
1.795403, 0.473160 
1.036403, 0.459281 
1.375203, 0.591011 
1.136603, 0.492508 
1.695603, 0.523806 
1.914202, 0.416617 
1.534802, 0.590668 
1.495003, 0.594797 
1.634802, 0.551328 
1.275403, 0.564616 
1.855403, 0.447600 
1.335203, 0.574296 
1.475003, 0.602379 
1.156603, 0.499779 
1.895403, 0.426370 
1.514802, 0.586587 
1.614802, 0.561264 
1.815603, 0.462920 
1.934402, 0.406418 
1.356203, 0.590363 
1.195803, 0.519206 
1.594802, 0.563895 
1.016803, 0.435053 
1.435002, 0.594579 
1.994402, 0.379613 
1.236603, 0.534143 
1.556003, 0.581068 
1.255403, 0.551430 
1.755603, 0.490476 
1.395203, 0.591375 
1.116803, 0.488501 
1.675803, 0.531889 
1.975403, 0.389972 
1.455003, 0.589071 
1.096803, 0.478059 
1.835603, 0.454996 
1.954402, 0.399205 
1.215403, 0.526517 
1.654802, 0.541207 
1.295403, 0.568014 
1.715803, 0.511590 
1.075603, 0.450154 
1.735603, 0.503854 
1.874602, 0.434232 
1.316203, 0.563660 
1.774602, 0.483915 
1.036603, 0.447606 
1.056803, 0.467817 
1.415202, 0.587151 
1.176603, 0.502448 
1.574802, 0.576509 
1.136803, 0.488783 
1.795603, 0.472901 
1.695803, 0.522249 
1.375403, 0.588030 
1.855603, 0.441498 
1.156803, 0.505832 
1.914402, 0.412983 
1.275603, 0.558595 
1.635002, 0.552920 
1.495203, 0.592684 
1.535002, 0.591595 
1.815803, 0.455757 
1.335403, 0.573433 
1.475203, 0.593951 
1.615003, 0.555259 
1.196003, 0.515613 
1.356403, 0.581533 
1.895603, 0.423957 
1.515002, 0.585281 
1.934602, 0.406886 
1.017003, 0.429921 
1.595003, 0.568143 
1.236803, 0.529865 
1.435202, 0.602237 
1.755803, 0.486868 
1.556203, 0.587002 
1.255603, 0.544371 
1.117003, 0.492505 
1.994602, 0.381277 
1.097003, 0.476466 
1.676003, 0.530836 
1.395403, 0.590169 
1.455203, 0.599885 
1.835803, 0.450244 
1.975603, 0.391214 
1.716003, 0.514959 
1.215603, 0.529292 
1.655002, 0.540740 
1.295603, 0.556374 
1.075803, 0.462056 
1.057003, 0.466721 
1.316403, 0.568795 
1.735803, 0.501521 
1.954602, 0.401402 
1.036803, 0.438164 
1.176803, 0.509706 
1.874802, 0.429866 
1.137003, 0.482221 
1.774802, 0.485938 
1.415403, 0.594125 
1.795803, 0.471726 
1.696003, 0.523122 
1.575002, 0.581833 
1.157003, 0.500537 
1.375603, 0.582421 
1.855803, 0.443403 
1.356603, 0.587361 
1.275803, 0.555502 
1.495403, 0.586690 
1.196203, 0.518150 
1.515203, 0.588502 
1.335603, 0.582289 
1.816003, 0.462823 
1.914602, 0.417393 
1.535203, 0.583358 
1.237003, 0.542623 
1.635203, 0.548465 
1.017203, 0.436488 
1.475403, 0.592965 
1.895803, 0.426215 
1.615203, 0.556337 
1.097203, 0.467770 
1.756003, 0.491372 
1.117203, 0.488384 
1.934802, 0.407757 
1.595203, 0.564505 
1.435403, 0.588323 
1.556403, 0.580926 
1.255803, 0.549239 
1.395603, 0.596685 
1.836003, 0.453792 
1.295803, 0.563743 
1.676203, 0.536062 
1.455403, 0.594357 
1.994802, 0.383375 
1.316603, 0.571179 
1.716203, 0.517691 
1.037003, 0.446232 
1.057203, 0.453707 
1.975803, 0.388443 
1.215803, 0.530449 
1.076003, 0.459699 
1.655203, 0.539028 
1.736003, 0.501670 
1.137203, 0.495943 
1.954803, 0.394537 
1.177003, 0.505523 
1.796003, 0.469817 
1.875003, 0.432303 
1.415603, 0.592755 
1.696203, 0.519403 
1.157203, 0.503635 
1.775002, 0.481411 
1.575202, 0.575183 
1.356803, 0.592440 
1.856003, 0.439159 
1.375803, 0.586974 
1.017403, 0.434250 
1.196403, 0.524163 
1.276003, 0.548365 
1.816203, 0.462680 
1.335803, 0.575296 
1.237203, 0.542898 
1.896003, 0.423959 
1.495603, 0.598580 
1.097403, 0.474310 
1.914802, 0.412359 
1.535403, 0.588900 
1.515403, 0.588796 
1.117403, 0.481110 
1.635403, 0.556968 
1.475603, 0.599206 
1.756203, 0.493584 
1.615403, 0.563022 
1.676403, 0.536812 
1.556603, 0.580740 
1.836203, 0.450372 
1.435603, 0.596723 
1.595403, 0.569252 
1.316803, 0.568560 
1.256003, 0.544868 
1.037203, 0.447258 
1.716403, 0.513197 
1.935002, 0.403837 
1.296003, 0.566813 
1.395803, 0.592030 
1.976003, 0.385364 
1.137403, 0.488641 
1.455603, 0.591944 
1.995003, 0.383585 
1.057403, 0.446882 
1.736203, 0.503873 
1.216003, 0.527830 
1.076203, 0.456276 
1.655403, 0.533631 
1.177203, 0.512270 
1.696403, 0.521374 
1.415803, 0.596150 
1.955003, 0.397481 
1.796203, 0.471414 
1.157403, 0.504656 
1.875203, 0.432781 
1.775203, 0.483102 
1.357003, 0.578941 
1.856203, 0.442995 
1.575402, 0.579649 
1.017603, 0.431867 
1.237403, 0.537889 
1.196603, 0.521272 
1.376003, 0.587872 
1.097603, 0.479318 
1.276203, 0.554053 
1.816403, 0.466255 
1.896203, 0.425960 
1.336003, 0.575126 
1.117603, 0.487317 
1.495803, 0.593611 
1.915002, 0.411019 
1.515603, 0.588239 
1.535603, 0.590471 
1.836403, 0.453492 
1.037403, 0.437443 
1.635603, 0.549441 
1.676603, 0.529181 
1.475803, 0.594563 
1.756403, 0.501552 
1.556803, 0.579956 
1.317003, 0.567799 
1.716603, 0.508137 
1.615603, 0.560573 
1.595603, 0.568682 
1.256203, 0.545979 
1.137603, 0.493118 
1.976203, 0.389342 
1.435803, 0.599031 
1.396003, 0.597062 
1.296203, 0.564877 
1.935202, 0.403815 
1.057603, 0.445899 
1.076403, 0.457079 
1.736403, 0.503952 
1.455803, 0.593249 
1.216203, 0.533420 
1.177403, 0.502496 
1.995203, 0.381886 
1.696603, 0.525168 
1.655603, 0.546578 
1.157603, 0.490404 
1.796403, 0.474923 
1.416003, 0.594463 
1.955203, 0.393498 
1.357203, 0.583445 
1.017803, 0.430366 
1.775403, 0.483384 
1.875403, 0.433464 
1.856403, 0.441507 
1.117803, 0.480575 
1.237603, 0.532920 
1.097803, 0.471976 
1.196803, 0.514419 
1.575603, 0.574672 
1.816603, 0.458137 
1.376203, 0.589174 
1.276403, 0.562382 
1.896403, 0.424132 
1.336203, 0.572950 
1.037603, 0.430060 
1.836603, 0.452298 
1.317203, 0.564060 
1.756603, 0.487732 
1.496003, 0.593992 
1.915202, 0.413721 
1.557003, 0.575852 
1.535803, 0.582199 
1.515803, 0.591513 
1.676803, 0.531290 
1.716803, 0.510814 
1.476003, 0.599038 
1.635803, 0.548412 
1.137803, 0.490240 
1.976403, 0.387446 
1.057803, 0.455544 
1.256403, 0.546781 
1.177603, 0.515994 
1.615803, 0.562583 
1.296403, 0.567199 
1.076603, 0.453567 
1.595803, 0.571639 
1.396203, 0.586530 
1.436003, 0.599780 
1.216403, 0.528563 
1.736603, 0.504204 
1.935403, 0.402623 
1.157803, 0.501948 
1.456003, 0.599424 
1.696803, 0.527281 
1.995403, 0.378137 
1.655803, 0.542657 
1.796603, 0.469582 
1.357403, 0.584293 
1.018003, 0.436889 
1.118003, 0.485584 
1.416203, 0.594105 
1.856603, 0.445472 
1.098003, 0.471339 
1.197003, 0.517203 
1.955403, 0.401487 
1.816803, 0.463225 
1.875603, 0.433154 
1.775603, 0.480721 
1.237803, 0.535933 
1.575803, 0.573447 
1.317403, 0.573725 
1.037803, 0.436822 
1.376403, 0.590548 
1.836803, 0.450016 
1.276603, 0.550204 
1.336403, 0.575594 
1.896603, 0.425508 
1.756803, 0.490318 
1.717003, 0.508522 
1.557203, 0.583351 
1.138003, 0.492590 
1.677003, 0.529008 
1.976603, 0.386786 
1.177803, 0.507689 
1.496203, 0.593484 
1.536003, 0.582318 
1.058003, 0.460476 
1.516003, 0.589732 
1.736803, 0.498361 
1.476203, 0.600283 
1.915403, 0.414200 
1.636003, 0.556153 
1.256603, 0.548357 
1.616003, 0.559355 
1.076803, 0.465375 
1.296603, 0.554573 
1.158003, 0.497583 
1.396403, 0.595687 
1.436203, 0.600530 
1.216603, 0.529550 
1.596003, 0.572255 
1.697003, 0.520745 
1.935603, 0.406911 
1.018203, 0.432865 
1.796803, 0.473538 
1.357603, 0.580093 
1.118203, 0.484383 
1.456203, 0.593214 
1.098203, 0.475933 
1.856803, 0.443716 
1.197203, 0.518893 
1.656003, 0.543882 
1.995603, 0.380971 
1.817003, 0.456472 
1.317603, 0.571564 
1.775803, 0.481829 
1.416403, 0.591462 
1.038003, 0.451648 
1.955603, 0.396008 
1.238003, 0.537061 
1.896803, 0.423697 
1.875803, 0.433175 
1.837003, 0.450587 
1.576003, 0.570319 
1.717203, 0.510985 
1.178003, 0.512785 
1.376603, 0.587393 
1.557403, 0.577965 
1.138203, 0.492045 
1.336603, 0.577057 
1.276803, 0.552937 
1.757003, 0.492932 
1.058203, 0.458829 
1.677203, 0.530194 
1.976803, 0.390243 
1.737003, 0.506194 
1.158203, 0.502275 
1.516203, 0.593909 
1.496403, 0.595382 
1.536203, 0.583119 
1.476403, 0.601725 
1.697203, 0.521322 
1.256803, 0.548434 
1.636203, 0.554888 
1.077003, 0.459680 
1.915603, 0.410378 
1.296803, 0.562485 
1.616203, 0.561066 
1.216803, 0.528852 
1.396603, 0.598363 
1.436403, 0.601038 
1.797003, 0.470549 
1.357803, 0.578113 
1.596203, 0.565831 
1.197403, 0.519213 
1.317803, 0.567536 
1.857003, 0.440475 
1.935803, 0.405104 
1.456403, 0.595047 
1.817203, 0.459370 
1.776003, 0.484236 
1.038203, 0.437850 
1.656203, 0.546226 
1.995803, 0.381019 
1.416603, 0.596974 
1.178203, 0.509091 
1.897003, 0.423920 
1.717403, 0.509285 
1.837203, 0.458594 
1.238203, 0.535828 
1.557603, 0.582154 
1.955803, 0.395631 
1.757203, 0.490470 
1.677403, 0.528507 
1.576203, 0.575689 
1.376803, 0.587528 
1.277003, 0.556363 
1.977003, 0.385736 
1.876003, 0.433036 
1.336803, 0.574093 
1.737203, 0.503093 
1.697403, 0.523037 
1.536403, 0.591549 
1.257003, 0.545021 
1.496603, 0.598940 
1.516403, 0.594700 
1.077203, 0.464790 
1.476603, 0.598187 
1.358003, 0.582058 
1.636403, 0.557012 
1.797203, 0.470142 
1.297003, 0.559987 
1.915803, 0.416482 
1.197603, 0.520005 
1.217003, 0.536722 
1.616403, 0.557962 
1.436603, 0.598891 
1.396803, 0.595197 
1.318003, 0.576096 
1.596403, 0.567507 
1.857203, 0.446685 
1.817403, 0.461371 
1.776203, 0.485235 
1.456603, 0.601271 
1.936003, 0.403544 
1.837403, 0.455660 
1.656403, 0.543076 
1.717603, 0.512191 
1.557803, 0.573411 
1.897203, 0.421683 
1.996003, 0.379302 
1.416803, 0.586772 
1.677603, 0.530525 
1.757403, 0.487012 
1.977203, 0.386693 
1.737403, 0.500016 
1.576403, 0.578437 
1.956003, 0.396168 
1.377003, 0.593151 
1.277203, 0.552384 
1.337003, 0.576701 
1.697603, 0.521111 
1.876203, 0.431294 
1.358203, 0.580097 
1.797403, 0.472208 
1.197803, 0.518218 
1.536603, 0.583790 
1.077403, 0.471631 
1.257203, 0.543677 
1.516603, 0.588880 
1.496803, 0.589132 
1.476803, 0.597676 
1.318203, 0.575638 
1.636603, 0.550888 
1.297203, 0.555586 
1.217203, 0.532115 
1.916003, 0.415464 
1.397003, 0.586547 
1.857403, 0.439198 
1.436803, 0.597767 
1.817603, 0.459159 
1.616603, 0.554846 
1.596603, 0.567445 
1.776403, 0.480696 
1.837603, 0.451441 
1.558003, 0.578690 
1.717803, 0.511273 
1.936203, 0.405445 
1.456803, 0.608971 
1.897403, 0.423579 
1.656603, 0.548835 
1.417003, 0.601198 
1.677803, 0.532720 
1.977403, 0.388846 
1.737603, 0.502606 
1.996203, 0.379807 
1.576603, 0.574706 
1.757603, 0.492319 
1.697803, 0.523656 
1.377203, 0.583731 
1.337203, 0.580930 
1.277403, 0.554489 
1.956203, 0.396710 
1.876403, 0.433567 
1.797603, 0.470829 
1.198003, 0.513008 
1.817803, 0.460741 
1.077603, 0.467474 
1.536803, 0.585524 
1.497003, 0.593929 
1.257403, 0.542389 
1.516803, 0.592859 
1.477003, 0.601107 
1.217403, 0.528007 
1.297403, 0.562853 
1.636803, 0.550486 
1.397203, 0.589821 
1.857603, 0.436877 
1.776603, 0.481947 
1.437003, 0.594350 
1.916203, 0.416453 
1.616803, 0.558131 
1.596803, 0.568033 
1.718003, 0.513053 
1.558203, 0.582280 
1.837803, 0.446672 
1.897603, 0.419222 
1.457003, 0.600202 
1.678003, 0.529921 
1.936403, 0.407597 
1.417203, 0.590867 
1.656803, 0.547210 
1.977603, 0.391150 
1.737803, 0.504783 
1.576803, 0.570275 
1.698003, 0.520435 
1.996403, 0.384549 
1.277603, 0.558184 
1.757803, 0.495179 
1.337403, 0.579706 
1.377403, 0.591577 
1.198203, 0.511867 
1.956403, 0.397041 
1.797803, 0.473396 
1.876603, 0.433098 
1.818003, 0.462842 
1.077803, 0.463380 
1.497203, 0.588260 
1.537003, 0.587782 
1.257603, 0.547201 
1.517003, 0.587569 
1.397403, 0.588915 
1.637003, 0.549034 
1.297603, 0.568079 
1.477203, 0.594607 
1.217603, 0.528239 
1.857803, 0.439489 
1.437203, 0.594660 
1.776803, 0.485161 
1.718203, 0.510542 
1.838003, 0.449097 
1.916403, 0.412400 
1.617003, 0.557498 
1.597003, 0.571438 
1.457203, 0.598499 
1.897803, 0.422507 
1.678203, 0.535985 
1.738003, 0.499334 
1.417403, 0.595890 
1.977803, 0.390734 
1.657003, 0.539763 
1.936603, 0.406455 
1.577003, 0.574513 
1.698203, 0.526128 
1.277803, 0.560671 
1.758003, 0.491285 
1.337603, 0.577381 
1.996603, 0.383968 
1.377603, 0.591247 
1.798003, 0.474540 
1.956603, 0.396752 
1.078003, 0.460354 
1.818203, 0.465469 
1.257803, 0.539334 
1.876803, 0.431238 
1.497403, 0.597945 
1.297803, 0.561987 
1.637203, 0.544602 
1.397603, 0.598131 
1.537203, 0.586477 
1.517203, 0.591121 
1.217803, 0.533094 
1.477403, 0.594237 
1.437403, 0.595760 
1.858003, 0.443452 
1.777003, 0.481256 
1.838203, 0.451887 
1.617203, 0.562141 
1.597203, 0.567589 
1.916603, 0.416846 
1.457403, 0.588745 
1.898003, 0.423323 
1.738203, 0.502347 
1.577203, 0.575766 
1.417603, 0.596364 
1.657203, 0.541521 
1.978003, 0.387743 
1.936803, 0.402208 
1.278003, 0.561398 
1.996803, 0.378750 
1.377803, 0.590226 
1.758203, 0.490162 
1.337803, 0.578292 
1.078203, 0.471004 
1.798203, 0.471882 
1.258003, 0.543880 
1.956803, 0.396204 
1.537403, 0.586554 
1.218003, 0.528673 
1.298003, 0.566612 
1.497603, 0.596176 
1.637403, 0.552229 
1.397803, 0.586154 
1.517403, 0.595675 
1.877003, 0.431622 
1.477603, 0.597801 
1.858203, 0.442220 
1.437603, 0.599869 
1.617403, 0.559396 
1.777203, 0.480939 
1.597403, 0.569735 
1.916803, 0.413579 
1.898203, 0.423544 
1.457603, 0.598301 
1.577403, 0.570439 
1.417803, 0.600375 
1.657403, 0.539898 
1.378003, 0.584458 
1.278203, 0.559658 
1.978203, 0.386494 
1.997003, 0.379779 
1.937003, 0.402703 
1.338003, 0.578365 
1.258203, 0.545865 
1.537603, 0.584156 
1.218203, 0.529848 
1.497803, 0.587759 
1.298203, 0.556971 
1.398003, 0.591350 
1.957003, 0.395131 
1.637603, 0.548279 
1.477803, 0.595442 
1.517603, 0.594448 
1.877203, 0.430694 
1.437803, 0.595136 
1.777403, 0.480170 
1.617603, 0.556295 
1.597603, 0.568001 
1.917003, 0.413263 
1.457803, 0.597741 
1.577603, 0.568735 
1.418003, 0.592818 
1.378203, 0.591628 
1.657603, 0.540606 
1.338203, 0.580316 
1.997203, 0.377646 
1.937203, 0.408037 
1.498003, 0.591351 
1.537803, 0.582146 
1.398203, 0.598298 
1.637803, 0.554450 
1.517803, 0.589875 
1.957203, 0.393752 
1.478003, 0.601466 
1.877403, 0.426308 
1.438003, 0.598814 
1.617803, 0.558709 
1.777603, 0.485032 
1.458003, 0.597237 
1.597803, 0.566119 
1.917203, 0.412308 
1.577803, 0.574045 
1.418203, 0.596298 
1.657803, 0.539713 
1.997403, 0.382633 
1.937403, 0.406784 
1.538003, 0.588163 
1.498203, 0.595820 
1.638003, 0.551564 
1.518003, 0.589178 
1.478203, 0.595195 
1.957403, 0.396803 
1.438203, 0.599150 
1.877603, 0.431553 
1.777803, 0.482059 
1.618003, 0.556131 
1.458203, 0.600225 
1.578003, 0.573487 
1.598003, 0.563920 
1.917403, 0.415364 
1.658003, 0.539560 
1.997603, 0.378483 
1.937603, 0.405900 
1.538203, 0.588458 
1.518203, 0.591534 
1.638203, 0.546588 
1.877803, 0.431901 
1.957603, 0.395131 
1.778003, 0.483455 
1.618203, 0.555755 
1.578203, 0.570863 
1.598203, 0.568130 
1.917603, 0.414632 
1.658203, 0.545647 
1.997803, 0.381571 
1.937803, 0.404669 
1.957803, 0.394387 
1.878003, 0.427196 
1.778203, 0.479189 
1.917803, 0.413778 
1.998003, 0.377609 
1.958003, 0.398198 
1.938003, 0.402566 
1.878203, 0.430582 
1.918003, 0.413390 
1.998203, 0.374504 
1.958203, 0.392289 
1.938203, 0.407201 
1.918203, 0.417038 
