1.000000, 0.492338 
1.240000, 0.567665 
1.200000, 0.541225 
1.300000, 0.591592 
1.100000, 0.493949 
1.420000, 0.610351 
1.260000, 0.577164 
1.280000, 0.590800 
1.020000, 0.467508 
1.060000, 0.495959 
1.220000, 0.556714 
1.320000, 0.609378 
1.380000, 0.614319 
1.040000, 0.462648 
1.680000, 0.482276 
1.160000, 0.515233 
1.080000, 0.488314 
1.120000, 0.494010 
1.720000, 0.459033 
1.660000, 0.494209 
1.140000, 0.510048 
1.580000, 0.546148 
1.780000, 0.436499 
1.340000, 0.618461 
1.920000, 0.382015 
1.180000, 0.522868 
1.860000, 0.407035 
1.840000, 0.412619 
1.360000, 0.617252 
1.600000, 0.528386 
1.760000, 0.440070 
1.440000, 0.612401 
1.520000, 0.565112 
1.960000, 0.365937 
1.900000, 0.390948 
1.540000, 0.567313 
1.880000, 0.397163 
1.460000, 0.600823 
1.400000, 0.618608 
1.560000, 0.543880 
1.740000, 0.455927 
1.480000, 0.592815 
1.640000, 0.507717 
1.500000, 0.580524 
1.620000, 0.518635 
1.700000, 0.477097 
1.820000, 0.417606 
1.800000, 0.429355 
1.980000, 0.359905 
1.940000, 0.371582 
1.000200, 0.487496 
1.300200, 0.600522 
1.200200, 0.537763 
1.280200, 0.601440 
1.240200, 0.562641 
1.420200, 0.609681 
1.320200, 0.609363 
1.060200, 0.486357 
1.380200, 0.615499 
1.020200, 0.478171 
1.760200, 0.445190 
1.260200, 0.564461 
1.100200, 0.488549 
1.040200, 0.482157 
1.080200, 0.485245 
1.120200, 0.491829 
1.220200, 0.551383 
1.140200, 0.508558 
1.680200, 0.479500 
1.160200, 0.517752 
1.340200, 0.616163 
1.660200, 0.491975 
1.180200, 0.524096 
1.580200, 0.531385 
1.720200, 0.464768 
1.600200, 0.531687 
1.740200, 0.456629 
1.360200, 0.623679 
1.780200, 0.437710 
1.520200, 0.570871 
1.540200, 0.556140 
1.460200, 0.595153 
1.560200, 0.550645 
1.860200, 0.404716 
1.840200, 0.410054 
1.440200, 0.614174 
1.920200, 0.383045 
1.880200, 0.397520 
1.900200, 0.387019 
1.960200, 0.367060 
1.400200, 0.613566 
1.940200, 0.372106 
1.480200, 0.591817 
1.820200, 0.423775 
1.700200, 0.472691 
1.980200, 0.362501 
1.500200, 0.573760 
1.640200, 0.505217 
1.620200, 0.514351 
1.800200, 0.427895 
1.280400, 0.592679 
1.000400, 0.441621 
1.300400, 0.600029 
1.220400, 0.548312 
1.200400, 0.535518 
1.420400, 0.611517 
1.260400, 0.572748 
1.320400, 0.599306 
1.760400, 0.442757 
1.240400, 0.564258 
1.060400, 0.496031 
1.080400, 0.474516 
1.100400, 0.484074 
1.020400, 0.466636 
1.380400, 0.619607 
1.180400, 0.534092 
1.660400, 0.494151 
1.120400, 0.493329 
1.680400, 0.483219 
1.340400, 0.616109 
1.040400, 0.489830 
1.140400, 0.501706 
1.600400, 0.524921 
1.720400, 0.461967 
1.580400, 0.534279 
1.960400, 0.367648 
1.360400, 0.620896 
1.560400, 0.550663 
1.520400, 0.569595 
1.740400, 0.451233 
1.540400, 0.559274 
1.160400, 0.517209 
1.780400, 0.432798 
1.860400, 0.405456 
1.900400, 0.391161 
1.880400, 0.394109 
1.920400, 0.379676 
1.460400, 0.596749 
1.440400, 0.608977 
1.840400, 0.414433 
1.400400, 0.618505 
1.480400, 0.592905 
1.940400, 0.374381 
1.820400, 0.421557 
1.700400, 0.474310 
1.640400, 0.502474 
1.800400, 0.428403 
1.500400, 0.576303 
1.620400, 0.516142 
1.980400, 0.360338 
1.000600, 0.532308 
1.280600, 0.596180 
1.200600, 0.542537 
1.220600, 0.543632 
1.060600, 0.485811 
1.300600, 0.593678 
1.080600, 0.488787 
1.260600, 0.589395 
1.320600, 0.608122 
1.240600, 0.569777 
1.100600, 0.487073 
1.760600, 0.443617 
1.420600, 0.614348 
1.180600, 0.525332 
1.380600, 0.618852 
1.020600, 0.459361 
1.660600, 0.498467 
1.580600, 0.536698 
1.680600, 0.482628 
1.720600, 0.464348 
1.140600, 0.506198 
1.040600, 0.466345 
1.600600, 0.532509 
1.520600, 0.573877 
1.960600, 0.367011 
1.120600, 0.494528 
1.160600, 0.515064 
1.340600, 0.611524 
1.740600, 0.455136 
1.860600, 0.402154 
1.920600, 0.383982 
1.360600, 0.612883 
1.900600, 0.386716 
1.840600, 0.411915 
1.560600, 0.548548 
1.780600, 0.437642 
1.540600, 0.558845 
1.880600, 0.396705 
1.460600, 0.599940 
1.440600, 0.598386 
1.480600, 0.588010 
1.820600, 0.417112 
1.400600, 0.617669 
1.700600, 0.475778 
1.940600, 0.373474 
1.620600, 0.510439 
1.640600, 0.503528 
1.980600, 0.362838 
1.800600, 0.427574 
1.500600, 0.585108 
1.000800, 0.470199 
1.220800, 0.557414 
1.280800, 0.590542 
1.080800, 0.471869 
1.060800, 0.488867 
1.100800, 0.489394 
1.300800, 0.599819 
1.200800, 0.533925 
1.240800, 0.560312 
1.760800, 0.444725 
1.180800, 0.531109 
1.320800, 0.609860 
1.380800, 0.629375 
1.260800, 0.572751 
1.420800, 0.608540 
1.660800, 0.496916 
1.580800, 0.530936 
1.720800, 0.461678 
1.020800, 0.477268 
1.680800, 0.487472 
1.600800, 0.527493 
1.360800, 0.620172 
1.140800, 0.497118 
1.520800, 0.573292 
1.040800, 0.499542 
1.740800, 0.456619 
1.860800, 0.405479 
1.960800, 0.365790 
1.920800, 0.386141 
1.900800, 0.390430 
1.120800, 0.506706 
1.160800, 0.510479 
1.880800, 0.399026 
1.340800, 0.619876 
1.460800, 0.605735 
1.840800, 0.413491 
1.780800, 0.431682 
1.560800, 0.545648 
1.440800, 0.607349 
1.480800, 0.585329 
1.540800, 0.555237 
1.820800, 0.419637 
1.400800, 0.614944 
1.980800, 0.362315 
1.620800, 0.515934 
1.640800, 0.499602 
1.940800, 0.374235 
1.700800, 0.473756 
1.800800, 0.430006 
1.500800, 0.580150 
1.001000, 0.481662 
1.081000, 0.485626 
1.221000, 0.554331 
1.101000, 0.486942 
1.061000, 0.490262 
1.201000, 0.539892 
1.241000, 0.564803 
1.281000, 0.593413 
1.301000, 0.597364 
1.381000, 0.615866 
1.181000, 0.521822 
1.321000, 0.604214 
1.761000, 0.445595 
1.421000, 0.612081 
1.261000, 0.573034 
1.661000, 0.495703 
1.721000, 0.458578 
1.581000, 0.535837 
1.601000, 0.521258 
1.021000, 0.453565 
1.681000, 0.480298 
1.741000, 0.455512 
1.521000, 0.575211 
1.901000, 0.386965 
1.041000, 0.493062 
1.921000, 0.379260 
1.141000, 0.508356 
1.161000, 0.507606 
1.961000, 0.369248 
1.841000, 0.416844 
1.361000, 0.608602 
1.341000, 0.609050 
1.861000, 0.405618 
1.881000, 0.397647 
1.781000, 0.436048 
1.121000, 0.485660 
1.561000, 0.543691 
1.481000, 0.583601 
1.461000, 0.591949 
1.441000, 0.602968 
1.821000, 0.419197 
1.541000, 0.556536 
1.621000, 0.512089 
1.401000, 0.605059 
1.641000, 0.503062 
1.981000, 0.362010 
1.701000, 0.473464 
1.941000, 0.372020 
1.801000, 0.428614 
1.001200, 0.474273 
1.061200, 0.469090 
1.501000, 0.582418 
1.081200, 0.474692 
1.101200, 0.506679 
1.201200, 0.545344 
1.241200, 0.577563 
1.301200, 0.598187 
1.221200, 0.546681 
1.181200, 0.531474 
1.381200, 0.628748 
1.281200, 0.587888 
1.321200, 0.607526 
1.261200, 0.577227 
1.761200, 0.447025 
1.421200, 0.614974 
1.661200, 0.488764 
1.021200, 0.489281 
1.721200, 0.464900 
1.581200, 0.529530 
1.601200, 0.529173 
1.681200, 0.482625 
1.741200, 0.455981 
1.521200, 0.564509 
1.041200, 0.471337 
1.161200, 0.510895 
1.921200, 0.382346 
1.141200, 0.511940 
1.901200, 0.388756 
1.881200, 0.397549 
1.841200, 0.411539 
1.961200, 0.369584 
1.781200, 0.435098 
1.861200, 0.408000 
1.341200, 0.608620 
1.361200, 0.619496 
1.121200, 0.496648 
1.481200, 0.596327 
1.821200, 0.419906 
1.561200, 0.548964 
1.621200, 0.507937 
1.461200, 0.600866 
1.541200, 0.556559 
1.441200, 0.609263 
1.401200, 0.610379 
1.001400, 0.493707 
1.061400, 0.460896 
1.701200, 0.475230 
1.981200, 0.360942 
1.641200, 0.500521 
1.801200, 0.424931 
1.941200, 0.376612 
1.081400, 0.472936 
1.241400, 0.568799 
1.101400, 0.490498 
1.181400, 0.531022 
1.221400, 0.551349 
1.201400, 0.537036 
1.281400, 0.587483 
1.301400, 0.592041 
1.501200, 0.572526 
1.381400, 0.606528 
1.321400, 0.599158 
1.421400, 0.616527 
1.261400, 0.583423 
1.761400, 0.445172 
1.661400, 0.495572 
1.601400, 0.523993 
1.721400, 0.462651 
1.021400, 0.446893 
1.581400, 0.532681 
1.741400, 0.453581 
1.681400, 0.484525 
1.521400, 0.564057 
1.041400, 0.518340 
1.901400, 0.389804 
1.141400, 0.499322 
1.841400, 0.415351 
1.161400, 0.511667 
1.921400, 0.381150 
1.861400, 0.406238 
1.961400, 0.369474 
1.881400, 0.395780 
1.781400, 0.435476 
1.121400, 0.502352 
1.341400, 0.612406 
1.361400, 0.618714 
1.481400, 0.589774 
1.821400, 0.421487 
1.621400, 0.515695 
1.561400, 0.549925 
1.541400, 0.555283 
1.461400, 0.598061 
1.441400, 0.604794 
1.061600, 0.500238 
1.001600, 0.491655 
1.401400, 0.615954 
1.701400, 0.473366 
1.101600, 0.483607 
1.641400, 0.503206 
1.181600, 0.524756 
1.081600, 0.477978 
1.201600, 0.542062 
1.221600, 0.555006 
1.281600, 0.582462 
1.981400, 0.359252 
1.241600, 0.562826 
1.301600, 0.596465 
1.941400, 0.375102 
1.801400, 0.430444 
1.321600, 0.596544 
1.381600, 0.623515 
1.421600, 0.611468 
1.501400, 0.582468 
1.261600, 0.579814 
1.661600, 0.493135 
1.021600, 0.445530 
1.761600, 0.449631 
1.601600, 0.528835 
1.041600, 0.478652 
1.721600, 0.460255 
1.681600, 0.481208 
1.521600, 0.569708 
1.581600, 0.529004 
1.741600, 0.450724 
1.141600, 0.500408 
1.161600, 0.505488 
1.901600, 0.380989 
1.841600, 0.412971 
1.881600, 0.396051 
1.341600, 0.608507 
1.781600, 0.434411 
1.921600, 0.380729 
1.861600, 0.407644 
1.121600, 0.499181 
1.961600, 0.369193 
1.621600, 0.508730 
1.561600, 0.551589 
1.481600, 0.594514 
1.541600, 0.553813 
1.361600, 0.616558 
1.821600, 0.418668 
1.461600, 0.605256 
1.061800, 0.443296 
1.001800, 0.478202 
1.441600, 0.606884 
1.101800, 0.500365 
1.401600, 0.611118 
1.701600, 0.470856 
1.221800, 0.548252 
1.181800, 0.523612 
1.081800, 0.474952 
1.641600, 0.501690 
1.281800, 0.590935 
1.201800, 0.542425 
1.241800, 0.567889 
1.981600, 0.364376 
1.381800, 0.616486 
1.301800, 0.608306 
1.261800, 0.587845 
1.801600, 0.427840 
1.321800, 0.609689 
1.421800, 0.612479 
1.941600, 0.377405 
1.501600, 0.586313 
1.021800, 0.472634 
1.661800, 0.489578 
1.601800, 0.521537 
1.761800, 0.438042 
1.041800, 0.484985 
1.521800, 0.565357 
1.721800, 0.461017 
1.581800, 0.539039 
1.681800, 0.482686 
1.141800, 0.507826 
1.161800, 0.516887 
1.741800, 0.449610 
1.841800, 0.410495 
1.121800, 0.499581 
1.341800, 0.609320 
1.781800, 0.437925 
1.881800, 0.395643 
1.901800, 0.386320 
1.861800, 0.401479 
1.921800, 0.379471 
1.961800, 0.371047 
1.621800, 0.512672 
1.002000, 0.445025 
1.461800, 0.601830 
1.361800, 0.612426 
1.541800, 0.553635 
1.481800, 0.588266 
1.062000, 0.499667 
1.561800, 0.546921 
1.821800, 0.419711 
1.441800, 0.607200 
1.102000, 0.482889 
1.082000, 0.490781 
1.182000, 0.529924 
1.401800, 0.617002 
1.222000, 0.543457 
1.701800, 0.471422 
1.282000, 0.586630 
1.641800, 0.503210 
1.202000, 0.535012 
1.262000, 0.580625 
1.242000, 0.561821 
1.302000, 0.600624 
1.801800, 0.424948 
1.382000, 0.623742 
1.422000, 0.615426 
1.981800, 0.359167 
1.322000, 0.606229 
1.941800, 0.376955 
1.022000, 0.473276 
1.501800, 0.579884 
1.042000, 0.454740 
1.662000, 0.493702 
1.602000, 0.523029 
1.762000, 0.443901 
1.722000, 0.463894 
1.522000, 0.565765 
1.142000, 0.500473 
1.682000, 0.478768 
1.162000, 0.505748 
1.582000, 0.532701 
1.122000, 0.493671 
1.342000, 0.613229 
1.742000, 0.450558 
1.842000, 0.406426 
1.782000, 0.437628 
1.882000, 0.395589 
1.902000, 0.386668 
1.862000, 0.405498 
1.622000, 0.512154 
1.002200, 0.474888 
1.062200, 0.477632 
1.362000, 0.598918 
1.482000, 0.589656 
1.922000, 0.381638 
1.462000, 0.593036 
1.962000, 0.366151 
1.562000, 0.547961 
1.542000, 0.553215 
1.082200, 0.470267 
1.822000, 0.420060 
1.102200, 0.485759 
1.442000, 0.604970 
1.222200, 0.543672 
1.642000, 0.500174 
1.282200, 0.590937 
1.402000, 0.616049 
1.202200, 0.536775 
1.182200, 0.528893 
1.262200, 0.584384 
1.702000, 0.474590 
1.242200, 0.564580 
1.422200, 0.612782 
1.382200, 0.615965 
1.302200, 0.601282 
1.802000, 0.424333 
1.982000, 0.360433 
1.322200, 0.609051 
1.942000, 0.376568 
1.022200, 0.484210 
1.502000, 0.577048 
1.662200, 0.491660 
1.042200, 0.470491 
1.142200, 0.503370 
1.522200, 0.572199 
1.162200, 0.519379 
1.762200, 0.442621 
1.602200, 0.520653 
1.122200, 0.496626 
1.722200, 0.463657 
1.682200, 0.481223 
1.342200, 0.609640 
1.582200, 0.538160 
1.742200, 0.453827 
1.482200, 0.591374 
1.362200, 0.620527 
1.622200, 0.512854 
1.842200, 0.410240 
1.462200, 0.598114 
1.062400, 0.460657 
1.782200, 0.436508 
1.882200, 0.394241 
1.862200, 0.405851 
1.002400, 0.488108 
1.902200, 0.393151 
1.922200, 0.382366 
1.082400, 0.491756 
1.562200, 0.545291 
1.822200, 0.419519 
1.102400, 0.509944 
1.442200, 0.609835 
1.542200, 0.559517 
1.962200, 0.367716 
1.222400, 0.551806 
1.182400, 0.523907 
1.282400, 0.594803 
1.202400, 0.536211 
1.642200, 0.506751 
1.402200, 0.616766 
1.262400, 0.582408 
1.242400, 0.566183 
1.302400, 0.608608 
1.702200, 0.476677 
1.422400, 0.606156 
1.382400, 0.614304 
1.802200, 0.427509 
1.982200, 0.363291 
1.022400, 0.477638 
1.322400, 0.607372 
1.942200, 0.376535 
1.042400, 0.483326 
1.162400, 0.521688 
1.142400, 0.502143 
1.502200, 0.579740 
1.122400, 0.497519 
1.662400, 0.493746 
1.522400, 0.568446 
1.762400, 0.447750 
1.602400, 0.526229 
1.722400, 0.458705 
1.342400, 0.616866 
1.682400, 0.483890 
1.482400, 0.588212 
1.582400, 0.535434 
1.362400, 0.617463 
1.462400, 0.603305 
1.062600, 0.469406 
1.742400, 0.453698 
1.002600, 0.473471 
1.622400, 0.512640 
1.842400, 0.410383 
1.782400, 0.436142 
1.082600, 0.483530 
1.882400, 0.395926 
1.442400, 0.606868 
1.922400, 0.381153 
1.862400, 0.399654 
1.102600, 0.477743 
1.562400, 0.543401 
1.902400, 0.391230 
1.822400, 0.421268 
1.542400, 0.558165 
1.222600, 0.559625 
1.962400, 0.369052 
1.182600, 0.530245 
1.202600, 0.539902 
1.282600, 0.592576 
1.402400, 0.614770 
1.242600, 0.565634 
1.302600, 0.587185 
1.262600, 0.578112 
1.642400, 0.502379 
1.422600, 0.608331 
1.382600, 0.616851 
1.702400, 0.472832 
1.802400, 0.423014 
1.022600, 0.444125 
1.322600, 0.616135 
1.942400, 0.374330 
1.982400, 0.363694 
1.042600, 0.482565 
1.162600, 0.511607 
1.142600, 0.497484 
1.122600, 0.503221 
1.502400, 0.577391 
1.662600, 0.487180 
1.522600, 0.567045 
1.602600, 0.528743 
1.722600, 0.460407 
1.342600, 0.611175 
1.482600, 0.581711 
1.362600, 0.623889 
1.762600, 0.444182 
1.462600, 0.599135 
1.002800, 0.438978 
1.682600, 0.481587 
1.062800, 0.481662 
1.582600, 0.537486 
1.622600, 0.507996 
1.082801, 0.469355 
1.742600, 0.453019 
1.542600, 0.556298 
1.442600, 0.608327 
1.842600, 0.406851 
1.102800, 0.485646 
1.782600, 0.432126 
1.882600, 0.399309 
1.922600, 0.379088 
1.902600, 0.388374 
1.862600, 0.407207 
1.182800, 0.531628 
1.562600, 0.549645 
1.402600, 0.620333 
1.822600, 0.419145 
1.222800, 0.549305 
1.202801, 0.539757 
1.282800, 0.585519 
1.962600, 0.370465 
1.262800, 0.583760 
1.022800, 0.464859 
1.242800, 0.565465 
1.302800, 0.603822 
1.382800, 0.624229 
1.422800, 0.609708 
1.642600, 0.501006 
1.802600, 0.429927 
1.982600, 0.360120 
1.142800, 0.512841 
1.942600, 0.373115 
1.702600, 0.469569 
1.042800, 0.507735 
1.162800, 0.511965 
1.122800, 0.501774 
1.322801, 0.610837 
1.502600, 0.579781 
1.362800, 0.619935 
1.662800, 0.490756 
1.462801, 0.596713 
1.602800, 0.524332 
1.522800, 0.564885 
1.482800, 0.586876 
1.342800, 0.615527 
1.722800, 0.462438 
1.003000, 0.412456 
1.762800, 0.441324 
1.063000, 0.465829 
1.083001, 0.470463 
1.582801, 0.531254 
1.682800, 0.479744 
1.542800, 0.555736 
1.622800, 0.512920 
1.103001, 0.494278 
1.742800, 0.455653 
1.442801, 0.602360 
1.882800, 0.396492 
1.842800, 0.410824 
1.782800, 0.435046 
1.922800, 0.381877 
1.562800, 0.548876 
1.183000, 0.528427 
1.223001, 0.547973 
1.283000, 0.595562 
1.203001, 0.538728 
1.862800, 0.402801 
1.402800, 0.619220 
1.822801, 0.420032 
1.902800, 0.384542 
1.023000, 0.455023 
1.263000, 0.577474 
1.962801, 0.366647 
1.243001, 0.561001 
1.303000, 0.598149 
1.383000, 0.618874 
1.163000, 0.517659 
1.043000, 0.480908 
1.423000, 0.609386 
1.143000, 0.496536 
1.123001, 0.491864 
1.982800, 0.360670 
1.802800, 0.431345 
1.642800, 0.501928 
1.942801, 0.374780 
1.323001, 0.604955 
1.702801, 0.470564 
1.363001, 0.623147 
1.502800, 0.580812 
1.483001, 0.592169 
1.463001, 0.598938 
1.663000, 0.490007 
1.603001, 0.522370 
1.343001, 0.610162 
1.523000, 0.564700 
1.003201, 0.433541 
1.723001, 0.458649 
1.063200, 0.483223 
1.763000, 0.441977 
1.083201, 0.490100 
1.543000, 0.561794 
1.103201, 0.487615 
1.443001, 0.605927 
1.583001, 0.533364 
1.683000, 0.482014 
1.623001, 0.512105 
1.183200, 0.529951 
1.743001, 0.455026 
1.403000, 0.611907 
1.023201, 0.468150 
1.223201, 0.555672 
1.883000, 0.395025 
1.203201, 0.535935 
1.783000, 0.438334 
1.843001, 0.411807 
1.563000, 0.544882 
1.283201, 0.596010 
1.163200, 0.518211 
1.923000, 0.379320 
1.263201, 0.587426 
1.823001, 0.415646 
1.143201, 0.506601 
1.863001, 0.402670 
1.043200, 0.479988 
1.243201, 0.570587 
1.903000, 0.387279 
1.303200, 0.598206 
1.963001, 0.365820 
1.383201, 0.623895 
1.983001, 0.362739 
1.123201, 0.492408 
1.423200, 0.616724 
1.803000, 0.425647 
1.943001, 0.375793 
1.363201, 0.618118 
1.323201, 0.608983 
1.643000, 0.502252 
1.503000, 0.581092 
1.483201, 0.583918 
1.703001, 0.472885 
1.463201, 0.598966 
1.603201, 0.528745 
1.663200, 0.488274 
1.003401, 0.532724 
1.343201, 0.615657 
1.523201, 0.571758 
1.443201, 0.611101 
1.063401, 0.458994 
1.543200, 0.555900 
1.723201, 0.465295 
1.083401, 0.495859 
1.763201, 0.438465 
1.403201, 0.621301 
1.103401, 0.483153 
1.023401, 0.460751 
1.583201, 0.533764 
1.683200, 0.481752 
1.183401, 0.531830 
1.623201, 0.507280 
1.743201, 0.454762 
1.143401, 0.508601 
1.203401, 0.543633 
1.223401, 0.554654 
1.163401, 0.526747 
1.283401, 0.592686 
1.563200, 0.542419 
1.263401, 0.584311 
1.983201, 0.362071 
1.883201, 0.397033 
1.863201, 0.406337 
1.783201, 0.432891 
1.043401, 0.466296 
1.383401, 0.626663 
1.843201, 0.411949 
1.803200, 0.424948 
1.923200, 0.382990 
1.243401, 0.569084 
1.823201, 0.417110 
1.303401, 0.599490 
1.943201, 0.375588 
1.363401, 0.623235 
1.903201, 0.390172 
1.123401, 0.491266 
1.963201, 0.366809 
1.483401, 0.589823 
1.423401, 0.615247 
1.503201, 0.578296 
1.323401, 0.614029 
1.643201, 0.502740 
1.703201, 0.468626 
1.443401, 0.607204 
1.463401, 0.605569 
1.003601, 0.454572 
1.543401, 0.558675 
1.603401, 0.524019 
1.663401, 0.487184 
1.343401, 0.617119 
1.723401, 0.461270 
1.023601, 0.453944 
1.063601, 0.484954 
1.403401, 0.619901 
1.523401, 0.567680 
1.083601, 0.480964 
1.103601, 0.489920 
1.143601, 0.502208 
1.763401, 0.442904 
1.183601, 0.517834 
1.583401, 0.533287 
1.683401, 0.483462 
1.623401, 0.507192 
1.383601, 0.617519 
1.863401, 0.399897 
1.363601, 0.614508 
1.983401, 0.362232 
1.743401, 0.450645 
1.163601, 0.517864 
1.203601, 0.543774 
1.803401, 0.427212 
1.223601, 0.552985 
1.283601, 0.594201 
1.903401, 0.386502 
1.483601, 0.587862 
1.263601, 0.581790 
1.943401, 0.378095 
1.563401, 0.545864 
1.043601, 0.496838 
1.243601, 0.559938 
1.783401, 0.436033 
1.303601, 0.590754 
1.883401, 0.399148 
1.123601, 0.498147 
1.843401, 0.412487 
1.923401, 0.379639 
1.503401, 0.575982 
1.823401, 0.422555 
1.423601, 0.608890 
1.963401, 0.368709 
1.323601, 0.608098 
1.443601, 0.601330 
1.643401, 0.505260 
1.703401, 0.471290 
1.543601, 0.551159 
1.023801, 0.471273 
1.723601, 0.462606 
1.463601, 0.607319 
1.403601, 0.612922 
1.003801, 0.469237 
1.143801, 0.492677 
1.663601, 0.486452 
1.103801, 0.481574 
1.063801, 0.463387 
1.343601, 0.612425 
1.603601, 0.519156 
1.083801, 0.463324 
1.523601, 0.567059 
1.363801, 0.611231 
1.763601, 0.444281 
1.383801, 0.626222 
1.183801, 0.526423 
1.983601, 0.358693 
1.863601, 0.401972 
1.803601, 0.426765 
1.483801, 0.580608 
1.583601, 0.534029 
1.943601, 0.375636 
1.903601, 0.387854 
1.623601, 0.512832 
1.163801, 0.516011 
1.683601, 0.482218 
1.203801, 0.540268 
1.223801, 0.557689 
1.743601, 0.451326 
1.263801, 0.576637 
1.043801, 0.472252 
1.283801, 0.596913 
1.243801, 0.566184 
1.563601, 0.548632 
1.503601, 0.581281 
1.123801, 0.494069 
1.303801, 0.601281 
1.783601, 0.437029 
1.883601, 0.395989 
1.843601, 0.409405 
1.443801, 0.602291 
1.923601, 0.379569 
1.423801, 0.605814 
1.823601, 0.417171 
1.323801, 0.606211 
1.963601, 0.366995 
1.543801, 0.554704 
1.024001, 0.469263 
1.643601, 0.494513 
1.104001, 0.481782 
1.723801, 0.465285 
1.144001, 0.508172 
1.403801, 0.615079 
1.663801, 0.488606 
1.703601, 0.467591 
1.004001, 0.488886 
1.463801, 0.604899 
1.064001, 0.469663 
1.364001, 0.607795 
1.084001, 0.491197 
1.603801, 0.526000 
1.343801, 0.609489 
1.523801, 0.572639 
1.384001, 0.614367 
1.983801, 0.363813 
1.484001, 0.584457 
1.943801, 0.373345 
1.863801, 0.402657 
1.184001, 0.527856 
1.903801, 0.389671 
1.803801, 0.425231 
1.763801, 0.443618 
1.164001, 0.512209 
1.204001, 0.536272 
1.583801, 0.533787 
1.224001, 0.555220 
1.623801, 0.513895 
1.683801, 0.477809 
1.044001, 0.475270 
1.264001, 0.580749 
1.284001, 0.592982 
1.503801, 0.577089 
1.743801, 0.451352 
1.244001, 0.565012 
1.444001, 0.604890 
1.563801, 0.545954 
1.124001, 0.491923 
1.304001, 0.593296 
1.024201, 0.460428 
1.783801, 0.432715 
1.424001, 0.603469 
1.104201, 0.504805 
1.843801, 0.406233 
1.883801, 0.395489 
1.823801, 0.420041 
1.544001, 0.554795 
1.144201, 0.506100 
1.324001, 0.611450 
1.923801, 0.379147 
1.724001, 0.456906 
1.404001, 0.612829 
1.664001, 0.493212 
1.963801, 0.366866 
1.643801, 0.502850 
1.364201, 0.624793 
1.004201, 0.466680 
1.703801, 0.471049 
1.464001, 0.597174 
1.064201, 0.481731 
1.384201, 0.615289 
1.084201, 0.481998 
1.484201, 0.582883 
1.604001, 0.525130 
1.344001, 0.613001 
1.984001, 0.361961 
1.864001, 0.403309 
1.944001, 0.374219 
1.524001, 0.570496 
1.804001, 0.425947 
1.904001, 0.391494 
1.184201, 0.518848 
1.164201, 0.516859 
1.764001, 0.445665 
1.204201, 0.544896 
1.044201, 0.454439 
1.504001, 0.576424 
1.444201, 0.607661 
1.224201, 0.553981 
1.584001, 0.531910 
1.624001, 0.506979 
1.264201, 0.576954 
1.024401, 0.461765 
1.284201, 0.593745 
1.684001, 0.481007 
1.244201, 0.573600 
1.744001, 0.450510 
1.124201, 0.494079 
1.104401, 0.481149 
1.144401, 0.502429 
1.564001, 0.540443 
1.304201, 0.604845 
1.544201, 0.562170 
1.404201, 0.623414 
1.424201, 0.611105 
1.724201, 0.468953 
1.664201, 0.493827 
1.784001, 0.435232 
1.324201, 0.610301 
1.824001, 0.418429 
1.844001, 0.408733 
1.884001, 0.395789 
1.364401, 0.616523 
1.924001, 0.384987 
1.964001, 0.367415 
1.004401, 0.453596 
1.384401, 0.619591 
1.644001, 0.498913 
1.484401, 0.587852 
1.464201, 0.594605 
1.064401, 0.461135 
1.704001, 0.469952 
1.864201, 0.404261 
1.984201, 0.363789 
1.084401, 0.477283 
1.944201, 0.373400 
1.804201, 0.423056 
1.344201, 0.611096 
1.604201, 0.521652 
1.524201, 0.564098 
1.904201, 0.389836 
1.184401, 0.530367 
1.024601, 0.522665 
1.444401, 0.602503 
1.164401, 0.526034 
1.504201, 0.575563 
1.044401, 0.461478 
1.104601, 0.498884 
1.204401, 0.536664 
1.764201, 0.443584 
1.224401, 0.550181 
1.144601, 0.505687 
1.624201, 0.516053 
1.264401, 0.583656 
1.284401, 0.595615 
1.244401, 0.570220 
1.584201, 0.536786 
1.684201, 0.479532 
1.544401, 0.558563 
1.124401, 0.499151 
1.404401, 0.620388 
1.664401, 0.488533 
1.744201, 0.453063 
1.304401, 0.593057 
1.564201, 0.545937 
1.724401, 0.462534 
1.364601, 0.619030 
1.424401, 0.613442 
1.324401, 0.601404 
1.784201, 0.435586 
1.844201, 0.412947 
1.824201, 0.421659 
1.484601, 0.594584 
1.884201, 0.390688 
1.924201, 0.381526 
1.384601, 0.607034 
1.864401, 0.403339 
1.004601, 0.519140 
1.984401, 0.360249 
1.064601, 0.489867 
1.964201, 0.367943 
1.944401, 0.373878 
1.644201, 0.499750 
1.464401, 0.591526 
1.804401, 0.429443 
1.084601, 0.496120 
1.704201, 0.469890 
1.904401, 0.389208 
1.344401, 0.614396 
1.604401, 0.523371 
1.104801, 0.489338 
1.024801, 0.461837 
1.184601, 0.526839 
1.524401, 0.570144 
1.444601, 0.600968 
1.504401, 0.577561 
1.044601, 0.462964 
1.144801, 0.496558 
1.164601, 0.517813 
1.204601, 0.541860 
1.544601, 0.552705 
1.224601, 0.549291 
1.284601, 0.595061 
1.264601, 0.584066 
1.664601, 0.489567 
1.764401, 0.443030 
1.404601, 0.616554 
1.244601, 0.572953 
1.624401, 0.512226 
1.124601, 0.495258 
1.584401, 0.533746 
1.724601, 0.458613 
1.364801, 0.618638 
1.684401, 0.482626 
1.304601, 0.597700 
1.564401, 0.546612 
1.744401, 0.448343 
1.424601, 0.608629 
1.484801, 0.586211 
1.324601, 0.616807 
1.384801, 0.625921 
1.784401, 0.437222 
1.844401, 0.410444 
1.864601, 0.405690 
1.924401, 0.379251 
1.824401, 0.417827 
1.884401, 0.398506 
1.004801, 0.453444 
1.984601, 0.358645 
1.804601, 0.424077 
1.064801, 0.455654 
1.084801, 0.488963 
1.944601, 0.377641 
1.904601, 0.389470 
1.025001, 0.470106 
1.964401, 0.365184 
1.105001, 0.489346 
1.464601, 0.601823 
1.644401, 0.505319 
1.444801, 0.605838 
1.704401, 0.474531 
1.344601, 0.608247 
1.184801, 0.534102 
1.604601, 0.522733 
1.145001, 0.511592 
1.524601, 0.562710 
1.504601, 0.578875 
1.044801, 0.468013 
1.544801, 0.556364 
1.204801, 0.544987 
1.164801, 0.507343 
1.404801, 0.615919 
1.365001, 0.617666 
1.664801, 0.489829 
1.224801, 0.558871 
1.284801, 0.594314 
1.724801, 0.462810 
1.264801, 0.575181 
1.244801, 0.563722 
1.124801, 0.493825 
1.764601, 0.442173 
1.624601, 0.511568 
1.584601, 0.535922 
1.304801, 0.602947 
1.684601, 0.480657 
1.485001, 0.594703 
1.564601, 0.542182 
1.744601, 0.447682 
1.385001, 0.608932 
1.424801, 0.612026 
1.324801, 0.607785 
1.864801, 0.406059 
1.804801, 0.425187 
1.984801, 0.361140 
1.784601, 0.433469 
1.025201, 0.464162 
1.005001, 0.503675 
1.944801, 0.374256 
1.844601, 0.407537 
1.904801, 0.386578 
1.105201, 0.475375 
1.445001, 0.602637 
1.824601, 0.413767 
1.085001, 0.479737 
1.924601, 0.381747 
1.065001, 0.475593 
1.884601, 0.396518 
1.464801, 0.599038 
1.644601, 0.502979 
1.145201, 0.500238 
1.964601, 0.367301 
1.704601, 0.470532 
1.185001, 0.531280 
1.344801, 0.608401 
1.545001, 0.553582 
1.504801, 0.576572 
1.604801, 0.517822 
1.524801, 0.568570 
1.405001, 0.619117 
1.365201, 0.617284 
1.045001, 0.456250 
1.205001, 0.547782 
1.165001, 0.523493 
1.665001, 0.490161 
1.725001, 0.461409 
1.225001, 0.552227 
1.285001, 0.590467 
1.125001, 0.495070 
1.265001, 0.581273 
1.245001, 0.571223 
1.485201, 0.589773 
1.764801, 0.439043 
1.624801, 0.510875 
1.584801, 0.530980 
1.305001, 0.604452 
1.385201, 0.611582 
1.684801, 0.477775 
1.564801, 0.547120 
1.865001, 0.406007 
1.025401, 0.496527 
1.744801, 0.452595 
1.805001, 0.423101 
1.325001, 0.611655 
1.425001, 0.605765 
1.445201, 0.606165 
1.105401, 0.491392 
1.985001, 0.362147 
1.905001, 0.389168 
1.945001, 0.372733 
1.005201, 0.468967 
1.784801, 0.441304 
1.085201, 0.485673 
1.065201, 0.488581 
1.844801, 0.410761 
1.824801, 0.416578 
1.145401, 0.513655 
1.884801, 0.395818 
1.924801, 0.381384 
1.465001, 0.597784 
1.545201, 0.565441 
1.185201, 0.525247 
1.644801, 0.501620 
1.704801, 0.466761 
1.405201, 0.615207 
1.365401, 0.616521 
1.345001, 0.616122 
1.505001, 0.577375 
1.964801, 0.370808 
1.605001, 0.520528 
1.045201, 0.479247 
1.525001, 0.565352 
1.665201, 0.494273 
1.205201, 0.542632 
1.165201, 0.525888 
1.725201, 0.461612 
1.225201, 0.556906 
1.285201, 0.593882 
1.245201, 0.567085 
1.125201, 0.496340 
1.265201, 0.575894 
1.485401, 0.579076 
1.585001, 0.534099 
1.385401, 0.616407 
1.625001, 0.510515 
1.765001, 0.444228 
1.305201, 0.610032 
1.025601, 0.483371 
1.805201, 0.428486 
1.685001, 0.477502 
1.565001, 0.544156 
1.865201, 0.403917 
1.105601, 0.481590 
1.445401, 0.606426 
1.325201, 0.618431 
1.905201, 0.388308 
1.945201, 0.372720 
1.745001, 0.455462 
1.425201, 0.604671 
1.985201, 0.364394 
1.005401, 0.478880 
1.085401, 0.476554 
1.065401, 0.496801 
1.785001, 0.434220 
1.145601, 0.504466 
1.545401, 0.556188 
1.845001, 0.412080 
1.405401, 0.619370 
1.825001, 0.416393 
1.365601, 0.621426 
1.885001, 0.392799 
1.925001, 0.377198 
1.465201, 0.602821 
1.185401, 0.526513 
1.645001, 0.500024 
1.505201, 0.576609 
1.345201, 0.622180 
1.705001, 0.468676 
1.045401, 0.506441 
1.605201, 0.525260 
1.665401, 0.494349 
1.965001, 0.366847 
1.525201, 0.567020 
1.205401, 0.539081 
1.165401, 0.521569 
1.725401, 0.460123 
1.225401, 0.552962 
1.485601, 0.590536 
1.125401, 0.488116 
1.285401, 0.594044 
1.585201, 0.525123 
1.245401, 0.569731 
1.265401, 0.585674 
1.385601, 0.617435 
1.025801, 0.472161 
1.625201, 0.504745 
1.105801, 0.478145 
1.305401, 0.606722 
1.865401, 0.398701 
1.445601, 0.604387 
1.765201, 0.440032 
1.805401, 0.426125 
1.005601, 0.526563 
1.685201, 0.482722 
1.565201, 0.544758 
1.325401, 0.607695 
1.425401, 0.609677 
1.985401, 0.362324 
1.945401, 0.375294 
1.905401, 0.384851 
1.545601, 0.556327 
1.085601, 0.482147 
1.745201, 0.452426 
1.145801, 0.501789 
1.065601, 0.478080 
1.365801, 0.615481 
1.405601, 0.614164 
1.785201, 0.437768 
1.845201, 0.412270 
1.185601, 0.539649 
1.465401, 0.597477 
1.825201, 0.413972 
1.925201, 0.380170 
1.505401, 0.582031 
1.885201, 0.394837 
1.645201, 0.502961 
1.045601, 0.453187 
1.345401, 0.603274 
1.605401, 0.520525 
1.665601, 0.486711 
1.725601, 0.465816 
1.705201, 0.471572 
1.165601, 0.522543 
1.485801, 0.585383 
1.205601, 0.546742 
1.525401, 0.570034 
1.965201, 0.364479 
1.225601, 0.550204 
1.585401, 0.535650 
1.125601, 0.504435 
1.026001, 0.490329 
1.285601, 0.593830 
1.245601, 0.562416 
1.385801, 0.622838 
1.265601, 0.576040 
1.106001, 0.502310 
1.005801, 0.435334 
1.865601, 0.401171 
1.805601, 0.427198 
1.625401, 0.513244 
1.445801, 0.601655 
1.305601, 0.606188 
1.085801, 0.487851 
1.985601, 0.359927 
1.765401, 0.442534 
1.945601, 0.372918 
1.325601, 0.603198 
1.146001, 0.506433 
1.905601, 0.386904 
1.685401, 0.481359 
1.545801, 0.548455 
1.565401, 0.537826 
1.425601, 0.610728 
1.405801, 0.611180 
1.065801, 0.454444 
1.366001, 0.618386 
1.745401, 0.453803 
1.785401, 0.434218 
1.185801, 0.529460 
1.505601, 0.577698 
1.845401, 0.407837 
1.465601, 0.590998 
1.825401, 0.417535 
1.925401, 0.381531 
1.045801, 0.475575 
1.345601, 0.612714 
1.885401, 0.396557 
1.486001, 0.581260 
1.645401, 0.497063 
1.725801, 0.463958 
1.605601, 0.520708 
1.165801, 0.518543 
1.665801, 0.490368 
1.026201, 0.476081 
1.705401, 0.472393 
1.205801, 0.541282 
1.106201, 0.482830 
1.225801, 0.547210 
1.386001, 0.615180 
1.525601, 0.562749 
1.125801, 0.495958 
1.585601, 0.530773 
1.965401, 0.366279 
1.285801, 0.585318 
1.245801, 0.570689 
1.265801, 0.588121 
1.006001, 0.497698 
1.446001, 0.599251 
1.805801, 0.427536 
1.865801, 0.399193 
1.086001, 0.478405 
1.625601, 0.512428 
1.305801, 0.603837 
1.985801, 0.359272 
1.945801, 0.376096 
1.146201, 0.507044 
1.325801, 0.617705 
1.546001, 0.560861 
1.765601, 0.445346 
1.905801, 0.389054 
1.565601, 0.548912 
1.685601, 0.479537 
1.366201, 0.622182 
1.406001, 0.619214 
1.425801, 0.610468 
1.066001, 0.479388 
1.745601, 0.449126 
1.505801, 0.577255 
1.465801, 0.593034 
1.186001, 0.526560 
1.785601, 0.434831 
1.486201, 0.592951 
1.026401, 0.476257 
1.046001, 0.449091 
1.845601, 0.410707 
1.106401, 0.484829 
1.645601, 0.498187 
1.726001, 0.456409 
1.166001, 0.524062 
1.666001, 0.488639 
1.345801, 0.617519 
1.386201, 0.617950 
1.605801, 0.520022 
1.885601, 0.394403 
1.925601, 0.379074 
1.825601, 0.417320 
1.585801, 0.534348 
1.206001, 0.532003 
1.226001, 0.564343 
1.705601, 0.467813 
1.126001, 0.487001 
1.525801, 0.563772 
1.006201, 0.468602 
1.286001, 0.587761 
1.266001, 0.580355 
1.246001, 0.572871 
1.965601, 0.368087 
1.446201, 0.609157 
1.806001, 0.420117 
1.086201, 0.478187 
1.866001, 0.402738 
1.146401, 0.504167 
1.306001, 0.597383 
1.986001, 0.362555 
1.946001, 0.372753 
1.546201, 0.558053 
1.625801, 0.509671 
1.906001, 0.389216 
1.326001, 0.598217 
1.406201, 0.611931 
1.366401, 0.620173 
1.765801, 0.439396 
1.565801, 0.540778 
1.066201, 0.485566 
1.685801, 0.478719 
1.426001, 0.611333 
1.026601, 0.486829 
1.466001, 0.594374 
1.745801, 0.451696 
1.506001, 0.582486 
1.726201, 0.460860 
1.186201, 0.522485 
1.106601, 0.492115 
1.486401, 0.592288 
1.386401, 0.620104 
1.046201, 0.473342 
1.666201, 0.490628 
1.785801, 0.438804 
1.166201, 0.520882 
1.586001, 0.530693 
1.346001, 0.618809 
1.845801, 0.412727 
1.645801, 0.500781 
1.606001, 0.526137 
1.006401, 0.504123 
1.885801, 0.394805 
1.925801, 0.381471 
1.825801, 0.422993 
1.126201, 0.497979 
1.226201, 0.559550 
1.206201, 0.547311 
1.446401, 0.617428 
1.286201, 0.588897 
1.246201, 0.573617 
1.705801, 0.463704 
1.146601, 0.501905 
1.526001, 0.564503 
1.266201, 0.578570 
1.086401, 0.479804 
1.866201, 0.403643 
1.806201, 0.427512 
1.546401, 0.561341 
1.306201, 0.598676 
1.965801, 0.367209 
1.986201, 0.362897 
1.946201, 0.372039 
1.626001, 0.512909 
1.406401, 0.608508 
1.906201, 0.389798 
1.326201, 0.606920 
1.366601, 0.611370 
1.066401, 0.472216 
1.026801, 0.451963 
1.766001, 0.438202 
1.566001, 0.545557 
1.426201, 0.620210 
1.686001, 0.476537 
1.466201, 0.595209 
1.106801, 0.490737 
1.726401, 0.461166 
1.506201, 0.580619 
1.186401, 0.529445 
1.386601, 0.611360 
1.746001, 0.450177 
1.666401, 0.481989 
1.486601, 0.588199 
1.046401, 0.459453 
1.586201, 0.535820 
1.166401, 0.517110 
1.346201, 0.615593 
1.006601, 0.469026 
1.786001, 0.433286 
1.646001, 0.500189 
1.446601, 0.600476 
1.146801, 0.517138 
1.846001, 0.407953 
1.126401, 0.489532 
1.606201, 0.524693 
1.086601, 0.476047 
1.226401, 0.552413 
1.206401, 0.536560 
1.886001, 0.395023 
1.826001, 0.418333 
1.926001, 0.378881 
1.246401, 0.569914 
1.286401, 0.594677 
1.866401, 0.400327 
1.526201, 0.567982 
1.266401, 0.579816 
1.706001, 0.473621 
1.806401, 0.423402 
1.546601, 0.556932 
1.626201, 0.512989 
1.966001, 0.363877 
1.946401, 0.374468 
1.406601, 0.609764 
1.306401, 0.599898 
1.986401, 0.362091 
1.906401, 0.388496 
1.366801, 0.619681 
1.027001, 0.463527 
1.326401, 0.618183 
1.066601, 0.473002 
1.466401, 0.599327 
1.107001, 0.483536 
1.426401, 0.611755 
1.766201, 0.446132 
1.686201, 0.478094 
1.566201, 0.541492 
1.726601, 0.463093 
1.386801, 0.615605 
1.506401, 0.570004 
1.666601, 0.485069 
1.186601, 0.534963 
1.006801, 0.462755 
1.046601, 0.488483 
1.486801, 0.588273 
1.346401, 0.622329 
1.746201, 0.450495 
1.586401, 0.533257 
1.086801, 0.483581 
1.166601, 0.514086 
1.147001, 0.503875 
1.446801, 0.601590 
1.126601, 0.491844 
1.786201, 0.431716 
1.646201, 0.497871 
1.226601, 0.558448 
1.606401, 0.523870 
1.866601, 0.399796 
1.206601, 0.542655 
1.846201, 0.406187 
1.246601, 0.561444 
1.806601, 0.428543 
1.826201, 0.417197 
1.286601, 0.592543 
1.546801, 0.560750 
1.886201, 0.395706 
1.926201, 0.381619 
1.266601, 0.571999 
1.526401, 0.563367 
1.626401, 0.507712 
1.946601, 0.374609 
1.406801, 0.618975 
1.706201, 0.471850 
1.986601, 0.360738 
1.367001, 0.619994 
1.306601, 0.595191 
1.906601, 0.385134 
1.027201, 0.459288 
1.966201, 0.367598 
1.326601, 0.606463 
1.466601, 0.601595 
1.107201, 0.477588 
1.066801, 0.470270 
1.726801, 0.461838 
1.426601, 0.612416 
1.387001, 0.615404 
1.566401, 0.542069 
1.007001, 0.454891 
1.766401, 0.445336 
1.686401, 0.478540 
1.487001, 0.585184 
1.666801, 0.489586 
1.506601, 0.577106 
1.087001, 0.480293 
1.186801, 0.527801 
1.046801, 0.472652 
1.586601, 0.527652 
1.147201, 0.513444 
1.346601, 0.612186 
1.447001, 0.607839 
1.166801, 0.510687 
1.746401, 0.450026 
1.126801, 0.485699 
1.226801, 0.566524 
1.866801, 0.400139 
1.206801, 0.543623 
1.786401, 0.436570 
1.646401, 0.501859 
1.806801, 0.426758 
1.246801, 0.571185 
1.547001, 0.559239 
1.606601, 0.520008 
1.626601, 0.508904 
1.286801, 0.590879 
1.846401, 0.408945 
1.027401, 0.501933 
1.266801, 0.579683 
1.407001, 0.608334 
1.946801, 0.373364 
1.826401, 0.419606 
1.926401, 0.382154 
1.986801, 0.359274 
1.367201, 0.625794 
1.886401, 0.393045 
1.906801, 0.382112 
1.306801, 0.601545 
1.706401, 0.474688 
1.526601, 0.565944 
1.466801, 0.592840 
1.107401, 0.493338 
1.067001, 0.479568 
1.326801, 0.613533 
1.966401, 0.363216 
1.727001, 0.460040 
1.007201, 0.481214 
1.426801, 0.615874 
1.387201, 0.610943 
1.087201, 0.475581 
1.487201, 0.578183 
1.667001, 0.488295 
1.506801, 0.572731 
1.766601, 0.443242 
1.566601, 0.541209 
1.147401, 0.510067 
1.586801, 0.529122 
1.187001, 0.533549 
1.047001, 0.450687 
1.686601, 0.478214 
1.447201, 0.602610 
1.346801, 0.616853 
1.127001, 0.497757 
1.167001, 0.529033 
1.227001, 0.554821 
1.867001, 0.401738 
1.746601, 0.452768 
1.207001, 0.538733 
1.807001, 0.423866 
1.027601, 0.448784 
1.626801, 0.513130 
1.247001, 0.571487 
1.547201, 0.556905 
1.407201, 0.614860 
1.786601, 0.438044 
1.646601, 0.505892 
1.367401, 0.618884 
1.606801, 0.524833 
1.267001, 0.578377 
1.987001, 0.361706 
1.947001, 0.374878 
1.287001, 0.597840 
1.307001, 0.602384 
1.826601, 0.415484 
1.926601, 0.378715 
1.907001, 0.387871 
1.846601, 0.414335 
1.107601, 0.493375 
1.706601, 0.469067 
1.526801, 0.564134 
1.886601, 0.393046 
1.467001, 0.596018 
1.067201, 0.485577 
1.007401, 0.480311 
1.327001, 0.609644 
1.387401, 0.616409 
1.966601, 0.363700 
1.727201, 0.460927 
1.427001, 0.609111 
1.087401, 0.491402 
1.487401, 0.586409 
1.667201, 0.489211 
1.447401, 0.603968 
1.147601, 0.519012 
1.507001, 0.573860 
1.587001, 0.536718 
1.187201, 0.525447 
1.047201, 0.488311 
1.566801, 0.538440 
1.766801, 0.439306 
1.686801, 0.480136 
1.167201, 0.516978 
1.347001, 0.614092 
1.227201, 0.553470 
1.127201, 0.498332 
1.867201, 0.399201 
1.027801, 0.494375 
1.207201, 0.544287 
1.807201, 0.425577 
1.746801, 0.450538 
1.547401, 0.555995 
1.367601, 0.620335 
1.627001, 0.508456 
1.407401, 0.610319 
1.247201, 0.566557 
1.786801, 0.434269 
1.907201, 0.388178 
1.287201, 0.596064 
1.947201, 0.374501 
1.987201, 0.361418 
1.646801, 0.497820 
1.307201, 0.606606 
1.107801, 0.484491 
1.267201, 0.578406 
1.607001, 0.522430 
1.467201, 0.594536 
1.826801, 0.415939 
1.926801, 0.381050 
1.007601, 0.423706 
1.846801, 0.408573 
1.886801, 0.390968 
1.527001, 0.563356 
1.706801, 0.470031 
1.067401, 0.489182 
1.387601, 0.612240 
1.087601, 0.484135 
1.727401, 0.457337 
1.327201, 0.619673 
1.487601, 0.587582 
1.147801, 0.514111 
1.427201, 0.609093 
1.966801, 0.367681 
1.667401, 0.491711 
1.587201, 0.533393 
1.447601, 0.612381 
1.047401, 0.457987 
1.507201, 0.583459 
1.567001, 0.540138 
1.187401, 0.535609 
1.227401, 0.557825 
1.167401, 0.519722 
1.767001, 0.437607 
1.347201, 0.611180 
1.867401, 0.395925 
1.687001, 0.475006 
1.127401, 0.491230 
1.028001, 0.499945 
1.807401, 0.427683 
1.407601, 0.614244 
1.367801, 0.622959 
1.207401, 0.541632 
1.547601, 0.557372 
1.627201, 0.508290 
1.747001, 0.450769 
1.907401, 0.387921 
1.108001, 0.489136 
1.247401, 0.577978 
1.947401, 0.374892 
1.987401, 0.360803 
1.787001, 0.434640 
1.267401, 0.585518 
1.467401, 0.594527 
1.287401, 0.590692 
1.007801, 0.471611 
1.307401, 0.601171 
1.647001, 0.495988 
1.607201, 0.524119 
1.087801, 0.477036 
1.827001, 0.412683 
1.387801, 0.619795 
1.527201, 0.567839 
1.067601, 0.476228 
1.727601, 0.457308 
1.847001, 0.409971 
1.927001, 0.380192 
1.887001, 0.395179 
1.707001, 0.468263 
1.148001, 0.513328 
1.327401, 0.613699 
1.487801, 0.589139 
1.427401, 0.618593 
1.667601, 0.490240 
1.587401, 0.536190 
1.447801, 0.603046 
1.967001, 0.365838 
1.047601, 0.482705 
1.507401, 0.576349 
1.227601, 0.546057 
1.187601, 0.527201 
1.567201, 0.544753 
1.028201, 0.462707 
1.167601, 0.524641 
1.127601, 0.500213 
1.767201, 0.443591 
1.347401, 0.613300 
1.867601, 0.400675 
1.368001, 0.618760 
1.547801, 0.554798 
1.687201, 0.479934 
1.407801, 0.624035 
1.807601, 0.426366 
1.207601, 0.535863 
1.108201, 0.492634 
1.627401, 0.511736 
1.947601, 0.372157 
1.907601, 0.385814 
1.467601, 0.595128 
1.008001, 0.453170 
1.247601, 0.568468 
1.267601, 0.585407 
1.747201, 0.454200 
1.287601, 0.598609 
1.987601, 0.358213 
1.787201, 0.437387 
1.607401, 0.523742 
1.088001, 0.474540 
1.307601, 0.604331 
1.388001, 0.615170 
1.647201, 0.498599 
1.727801, 0.455605 
1.148201, 0.514826 
1.067801, 0.473135 
1.827201, 0.417444 
1.527401, 0.562200 
1.847201, 0.408083 
1.927201, 0.381788 
1.327601, 0.610297 
1.488001, 0.584829 
1.887201, 0.393984 
1.707201, 0.468808 
1.667801, 0.486443 
1.587601, 0.534234 
1.427601, 0.608402 
1.448001, 0.606380 
1.047801, 0.470381 
1.227801, 0.561386 
1.028401, 0.461910 
1.507601, 0.578849 
1.967201, 0.370014 
1.187801, 0.528496 
1.567401, 0.538980 
1.867801, 0.398875 
1.167801, 0.512868 
1.548001, 0.558104 
1.408001, 0.612254 
1.687401, 0.481690 
1.368201, 0.614309 
1.347601, 0.612772 
1.127801, 0.505543 
1.767401, 0.446500 
1.807801, 0.425646 
1.108401, 0.489018 
1.627601, 0.507069 
1.008201, 0.456529 
1.207801, 0.545585 
1.467801, 0.600838 
1.907801, 0.387357 
1.247801, 0.563720 
1.947801, 0.371706 
1.088201, 0.503959 
1.388201, 0.618076 
1.287801, 0.593313 
1.987801, 0.362440 
1.267801, 0.573911 
1.747401, 0.453084 
1.148401, 0.518722 
1.728001, 0.458212 
1.307801, 0.600678 
1.787401, 0.432951 
1.607601, 0.521865 
1.647401, 0.497819 
1.068001, 0.483510 
1.827401, 0.419852 
1.327801, 0.609122 
1.488201, 0.596092 
1.527601, 0.569204 
1.847401, 0.407977 
1.668001, 0.490626 
1.587801, 0.529408 
1.427801, 0.609405 
1.707401, 0.465129 
1.448201, 0.602972 
1.887401, 0.394227 
1.927401, 0.377390 
1.048001, 0.484664 
1.228001, 0.557407 
1.028601, 0.450625 
1.188001, 0.534555 
1.507801, 0.571865 
1.687601, 0.477111 
1.408201, 0.616240 
1.967401, 0.368950 
1.548201, 0.552837 
1.168001, 0.514345 
1.368401, 0.613095 
1.567601, 0.539377 
1.108601, 0.481817 
1.868001, 0.403543 
1.808001, 0.425221 
1.128001, 0.497646 
1.627801, 0.509518 
1.347801, 0.621852 
1.008401, 0.458626 
1.468001, 0.591220 
1.388401, 0.623728 
1.767601, 0.443449 
1.088401, 0.486111 
1.208001, 0.541101 
1.948001, 0.371923 
1.248001, 0.566338 
1.148601, 0.512394 
1.908001, 0.389478 
1.288001, 0.598962 
1.988001, 0.358827 
1.268001, 0.587628 
1.728201, 0.459106 
1.747601, 0.449467 
1.308001, 0.599774 
1.607801, 0.520240 
1.787601, 0.432414 
1.068201, 0.471041 
1.488401, 0.585796 
1.647601, 0.498683 
1.328001, 0.607552 
1.668201, 0.494155 
1.827601, 0.415533 
1.527801, 0.575801 
1.428001, 0.611654 
1.448401, 0.597307 
1.588001, 0.533631 
1.707601, 0.470346 
1.847601, 0.410738 
1.228201, 0.552632 
1.028801, 0.449847 
1.927601, 0.378035 
1.048201, 0.464739 
1.887601, 0.394899 
1.508001, 0.577876 
1.188201, 0.534414 
1.408401, 0.616626 
1.548401, 0.554401 
1.687801, 0.475901 
1.168201, 0.521829 
1.108801, 0.487171 
1.368601, 0.621862 
1.967601, 0.363517 
1.567801, 0.541242 
1.008601, 0.473023 
1.468201, 0.590842 
1.088601, 0.481284 
1.868201, 0.402335 
1.628001, 0.507203 
1.808201, 0.424770 
1.128201, 0.493493 
1.348001, 0.619887 
1.388601, 0.619990 
1.208201, 0.539288 
1.148801, 0.513660 
1.948201, 0.376055 
1.767801, 0.441972 
1.908201, 0.388516 
1.268201, 0.575826 
1.248201, 0.575403 
1.988201, 0.357474 
1.728401, 0.459284 
1.288201, 0.593747 
1.747801, 0.452507 
1.328201, 0.620562 
1.488601, 0.593758 
1.308201, 0.605157 
1.068401, 0.468465 
1.608001, 0.520552 
1.787801, 0.433034 
1.668401, 0.491848 
1.448601, 0.603740 
1.647801, 0.496999 
1.428201, 0.610366 
1.588201, 0.530784 
1.029001, 0.481165 
1.827801, 0.418682 
1.528001, 0.566707 
1.707801, 0.465390 
1.228401, 0.557227 
1.048401, 0.473471 
1.109002, 0.492646 
1.408601, 0.608136 
1.847801, 0.407032 
1.508201, 0.577417 
1.548601, 0.551728 
1.368801, 0.618146 
1.927801, 0.378916 
1.188401, 0.536527 
1.688001, 0.477992 
1.887801, 0.393105 
1.008801, 0.486840 
1.168401, 0.517362 
1.088802, 0.485147 
1.468401, 0.597386 
1.967801, 0.366084 
1.388801, 0.622049 
1.868401, 0.396181 
1.628201, 0.505675 
1.568001, 0.543403 
1.808401, 0.424781 
1.128401, 0.504248 
1.348201, 0.607168 
1.268401, 0.585323 
1.149001, 0.511083 
1.948401, 0.374198 
1.208401, 0.543586 
1.908401, 0.386967 
1.988401, 0.362363 
1.728601, 0.460065 
1.248401, 0.575913 
1.768001, 0.440447 
1.288401, 0.596000 
1.488801, 0.584038 
1.328401, 0.614856 
1.448802, 0.605051 
1.308401, 0.606367 
1.428401, 0.617318 
1.029202, 0.446390 
1.668601, 0.484254 
1.068601, 0.473172 
1.748001, 0.448276 
1.588401, 0.524807 
1.608201, 0.518132 
1.228601, 0.554183 
1.788001, 0.435232 
1.109202, 0.472343 
1.648001, 0.498334 
1.828001, 0.421638 
1.528201, 0.571062 
1.408801, 0.619499 
1.048601, 0.492419 
1.548801, 0.554071 
1.708001, 0.471823 
1.009001, 0.475589 
1.508401, 0.576172 
1.369002, 0.612673 
1.688201, 0.478227 
1.188601, 0.526146 
1.089002, 0.487704 
1.389001, 0.615052 
1.468601, 0.598802 
1.928001, 0.376012 
1.868601, 0.404313 
1.628401, 0.512417 
1.848001, 0.412147 
1.968001, 0.366431 
1.168601, 0.527163 
1.888001, 0.392754 
1.808601, 0.422694 
1.568201, 0.543423 
1.268601, 0.582730 
1.128601, 0.504383 
1.348401, 0.618837 
1.948601, 0.374334 
1.908601, 0.389096 
1.149202, 0.509032 
1.728801, 0.459270 
1.988601, 0.360371 
1.208601, 0.543186 
1.288601, 0.597490 
1.248601, 0.565176 
1.489002, 0.587305 
1.768201, 0.439518 
1.328601, 0.616432 
1.029402, 0.496407 
1.449002, 0.599826 
1.308601, 0.606376 
1.428601, 0.608267 
1.668801, 0.491321 
1.588601, 0.534318 
1.068801, 0.486486 
1.228801, 0.554306 
1.109402, 0.485637 
1.788201, 0.429028 
1.608401, 0.521124 
1.748201, 0.451058 
1.549001, 0.558511 
1.009202, 0.488904 
1.409001, 0.616499 
1.648201, 0.498947 
1.369202, 0.617470 
1.528401, 0.570392 
1.508601, 0.569794 
1.089202, 0.470116 
1.048801, 0.486691 
1.828201, 0.415479 
1.688401, 0.475425 
1.389202, 0.614946 
1.708201, 0.470054 
1.188801, 0.534912 
1.468801, 0.596835 
1.628601, 0.508662 
1.868801, 0.402357 
1.928201, 0.380830 
1.968201, 0.367328 
1.268801, 0.579737 
1.848201, 0.406965 
1.808801, 0.426422 
1.168801, 0.518086 
1.729002, 0.462293 
1.888201, 0.395112 
1.208802, 0.547803 
1.128801, 0.493557 
1.568401, 0.541679 
1.149402, 0.511517 
1.288801, 0.596351 
1.248801, 0.569977 
1.908801, 0.385698 
1.489202, 0.585399 
1.348601, 0.609459 
1.948802, 0.370264 
1.029602, 0.482615 
1.988801, 0.356597 
1.328802, 0.610109 
1.449202, 0.600475 
1.768401, 0.445323 
1.428801, 0.614235 
1.308801, 0.597810 
1.229002, 0.553329 
1.588802, 0.528971 
1.109602, 0.496814 
1.669001, 0.494568 
1.069001, 0.476282 
1.788401, 0.438556 
1.608601, 0.520062 
1.009402, 0.472922 
1.549201, 0.551681 
1.409202, 0.612741 
1.369402, 0.616285 
1.089402, 0.481245 
1.528601, 0.564344 
1.648401, 0.497613 
1.049001, 0.471374 
1.748401, 0.453297 
1.508801, 0.580237 
1.389402, 0.615047 
1.688601, 0.477997 
1.189001, 0.529030 
1.828401, 0.416161 
1.469002, 0.600999 
1.628801, 0.506474 
1.708401, 0.467962 
1.269001, 0.589717 
1.869002, 0.399265 
1.968401, 0.367342 
1.169001, 0.516594 
1.928401, 0.380970 
1.848401, 0.406870 
1.729202, 0.456531 
1.209002, 0.538073 
1.809001, 0.424166 
1.888401, 0.393022 
1.129001, 0.497380 
1.149602, 0.513415 
1.568601, 0.544060 
1.289001, 0.597421 
1.029802, 0.478863 
1.949002, 0.371282 
1.249002, 0.569489 
1.348801, 0.615271 
1.489402, 0.586423 
1.909001, 0.389390 
1.329002, 0.614615 
1.449402, 0.605672 
1.989002, 0.356792 
1.768601, 0.442524 
1.309001, 0.602667 
1.429001, 0.605056 
1.109802, 0.489179 
1.229202, 0.558776 
1.589002, 0.533850 
1.069201, 0.462496 
1.669201, 0.487536 
1.009602, 0.448508 
1.608801, 0.522370 
1.788601, 0.430287 
1.089602, 0.490788 
1.369602, 0.621943 
1.409402, 0.618753 
1.549402, 0.556722 
1.528801, 0.569847 
1.748601, 0.451175 
1.049201, 0.483189 
1.648601, 0.498995 
1.189201, 0.537940 
1.389602, 0.615624 
1.509001, 0.575488 
1.688801, 0.480326 
1.828601, 0.416431 
1.629001, 0.510190 
1.469202, 0.596988 
1.169201, 0.511762 
1.708601, 0.465144 
1.269202, 0.578038 
1.209202, 0.543340 
1.869202, 0.400974 
1.848601, 0.409534 
1.968601, 0.365197 
1.928601, 0.379163 
1.129202, 0.498083 
1.809201, 0.421318 
1.729402, 0.456914 
1.888601, 0.394666 
1.568801, 0.542776 
1.289201, 0.597062 
1.030002, 0.492515 
1.149802, 0.508073 
1.249202, 0.569143 
1.949202, 0.373663 
1.349002, 0.615206 
1.489602, 0.589090 
1.329202, 0.607155 
1.909202, 0.387130 
1.449602, 0.593978 
1.309201, 0.607107 
1.429201, 0.612179 
1.989202, 0.355918 
1.110002, 0.496467 
1.229402, 0.548633 
1.768801, 0.441971 
1.069402, 0.480657 
1.009802, 0.491714 
1.589202, 0.525125 
1.669402, 0.488608 
1.609002, 0.521549 
1.089802, 0.476575 
1.369802, 0.626333 
1.409602, 0.614948 
1.529001, 0.559486 
1.788801, 0.430534 
1.549602, 0.552998 
1.049402, 0.454866 
1.189402, 0.529221 
1.389802, 0.614586 
1.648801, 0.494141 
1.748801, 0.449047 
1.469402, 0.596363 
1.689001, 0.481567 
1.169402, 0.512015 
1.509202, 0.563799 
1.828802, 0.419700 
1.629202, 0.505422 
1.209402, 0.537378 
1.269402, 0.575576 
1.708802, 0.473260 
1.968801, 0.368360 
1.129402, 0.501217 
1.928801, 0.377197 
1.869402, 0.400884 
1.289402, 0.591290 
1.150002, 0.509625 
1.848801, 0.411842 
1.030202, 0.482654 
1.569001, 0.538408 
1.729602, 0.457232 
1.809402, 0.426730 
1.888801, 0.391938 
1.249402, 0.576622 
1.349202, 0.617429 
1.329402, 0.612171 
1.949402, 0.373838 
1.489802, 0.581780 
1.449802, 0.600600 
1.229602, 0.561952 
1.110202, 0.495321 
1.309402, 0.600403 
1.909402, 0.386912 
1.429402, 0.612345 
1.069602, 0.486540 
1.989402, 0.361138 
1.010002, 0.469452 
1.769001, 0.446708 
1.589402, 0.527800 
1.669602, 0.488255 
1.090002, 0.478448 
1.609202, 0.515529 
1.409802, 0.616216 
1.370002, 0.613468 
1.549802, 0.548993 
1.529202, 0.563423 
1.049602, 0.454301 
1.189602, 0.533958 
1.789001, 0.428978 
1.649001, 0.500209 
1.390002, 0.618676 
1.469602, 0.596994 
1.749002, 0.451395 
1.169602, 0.528072 
1.509402, 0.573965 
1.689201, 0.479781 
1.209602, 0.543283 
1.829002, 0.418441 
1.629402, 0.510186 
1.269602, 0.582761 
1.129602, 0.510531 
1.150202, 0.510346 
1.289602, 0.601183 
1.709002, 0.466074 
1.729802, 0.457748 
1.030402, 0.464180 
1.969002, 0.366318 
1.929001, 0.380241 
1.569201, 0.543013 
1.869602, 0.396973 
1.849002, 0.410431 
1.249602, 0.574399 
1.329602, 0.615347 
1.809602, 0.423535 
1.889001, 0.394413 
1.349402, 0.601370 
1.490002, 0.588787 
1.450002, 0.594225 
1.069802, 0.474352 
1.949602, 0.370823 
1.309602, 0.604625 
1.110402, 0.492478 
1.229802, 0.558005 
1.010202, 0.443576 
1.429602, 0.609474 
1.909602, 0.385541 
1.589602, 0.528176 
1.989602, 0.360691 
1.769202, 0.439239 
1.090202, 0.479379 
1.669802, 0.482002 
1.370202, 0.612995 
1.550002, 0.554848 
1.189802, 0.538712 
1.609402, 0.519931 
1.049802, 0.488158 
1.410002, 0.611700 
1.529402, 0.565575 
1.390202, 0.618614 
1.789201, 0.434500 
1.649202, 0.493279 
1.169802, 0.521099 
1.749202, 0.452122 
1.269802, 0.580248 
1.469802, 0.600601 
1.209802, 0.544554 
1.629602, 0.511424 
1.829202, 0.417830 
1.689402, 0.476903 
1.509602, 0.569433 
1.129802, 0.492925 
1.289802, 0.599203 
1.030602, 0.441711 
1.150402, 0.501477 
1.709202, 0.468909 
1.730002, 0.460931 
1.569402, 0.549556 
1.249802, 0.570357 
1.929201, 0.380375 
1.969202, 0.363744 
1.849202, 0.406834 
1.329802, 0.614276 
1.869802, 0.399148 
1.349602, 0.612744 
1.809802, 0.427329 
1.490202, 0.584122 
1.450202, 0.596206 
1.070002, 0.464999 
1.309802, 0.609389 
1.110602, 0.489961 
1.889202, 0.393572 
1.010402, 0.507734 
1.949802, 0.371158 
1.230002, 0.556818 
1.429802, 0.606181 
1.090402, 0.487915 
1.909802, 0.385928 
1.989802, 0.361192 
1.589802, 0.536649 
1.410202, 0.613194 
1.769402, 0.441849 
1.370402, 0.619546 
1.670002, 0.489825 
1.050002, 0.483786 
1.190002, 0.530194 
1.390402, 0.607837 
1.609602, 0.516078 
1.550202, 0.555530 
1.130002, 0.502279 
1.529602, 0.566737 
1.749402, 0.448364 
1.789402, 0.433413 
1.270002, 0.579396 
1.649402, 0.501267 
1.170002, 0.518699 
1.470002, 0.602432 
1.210002, 0.543839 
1.030802, 0.501437 
1.709402, 0.470910 
1.509802, 0.570177 
1.689602, 0.485292 
1.629802, 0.509285 
1.829402, 0.413906 
1.290002, 0.595461 
1.150602, 0.510135 
1.569602, 0.541845 
1.250002, 0.574883 
1.349802, 0.615633 
1.730202, 0.462331 
1.490402, 0.579672 
1.929402, 0.380763 
1.950002, 0.372396 
1.330002, 0.609095 
1.450402, 0.602736 
1.810002, 0.426379 
1.969402, 0.365216 
1.070202, 0.475554 
1.849402, 0.404048 
1.870002, 0.398886 
1.110802, 0.482579 
1.010602, 0.461993 
1.310002, 0.602975 
1.230202, 0.562563 
1.889402, 0.390633 
1.430002, 0.614080 
1.090602, 0.505244 
1.990002, 0.362740 
1.410402, 0.612411 
1.370602, 0.614931 
1.130202, 0.491578 
1.550402, 0.557265 
1.590002, 0.534571 
1.910002, 0.387818 
1.050202, 0.489043 
1.190202, 0.542677 
1.670202, 0.490860 
1.769602, 0.439530 
1.609802, 0.517337 
1.390602, 0.616487 
1.749602, 0.448592 
1.529802, 0.563815 
1.031002, 0.470544 
1.170202, 0.504162 
1.709602, 0.464720 
1.270202, 0.584002 
1.210202, 0.554214 
1.789602, 0.430147 
1.649602, 0.495226 
1.470202, 0.595498 
1.569802, 0.539132 
1.510002, 0.574408 
1.630002, 0.510573 
1.150802, 0.515885 
1.490602, 0.589989 
1.350002, 0.618954 
1.689802, 0.481522 
1.290202, 0.590853 
1.829602, 0.416521 
1.250202, 0.575415 
1.450602, 0.601120 
1.950202, 0.372193 
1.810202, 0.425758 
1.730402, 0.462304 
1.929602, 0.375655 
1.330202, 0.611678 
1.070402, 0.481200 
1.969602, 0.365436 
1.410602, 0.614348 
1.090802, 0.490468 
1.010802, 0.455771 
1.370802, 0.616899 
1.111002, 0.496204 
1.990202, 0.361003 
1.870202, 0.403574 
1.310202, 0.605227 
1.889602, 0.391860 
1.230402, 0.561564 
1.849602, 0.404728 
1.430202, 0.609573 
1.130402, 0.508158 
1.550602, 0.552377 
1.050402, 0.475283 
1.190402, 0.533962 
1.749802, 0.444311 
1.031202, 0.464503 
1.590202, 0.528535 
1.910202, 0.387237 
1.769802, 0.441269 
1.709802, 0.466648 
1.670402, 0.488164 
1.610002, 0.521790 
1.390802, 0.619466 
1.270402, 0.585149 
1.530002, 0.567723 
1.170402, 0.511621 
1.570002, 0.545318 
1.630202, 0.511285 
1.510202, 0.575495 
1.210402, 0.540065 
1.350202, 0.614343 
1.151002, 0.502000 
1.490802, 0.583288 
1.470402, 0.587633 
1.649802, 0.501038 
1.789802, 0.434569 
1.290402, 0.593952 
1.690002, 0.481829 
1.450802, 0.594539 
1.810402, 0.420085 
1.950402, 0.372641 
1.250402, 0.573583 
1.829802, 0.413725 
1.929802, 0.378897 
1.410802, 0.612579 
1.091002, 0.489122 
1.371002, 0.608668 
1.990402, 0.356046 
1.070602, 0.494115 
1.730602, 0.459067 
1.011002, 0.457349 
1.330402, 0.611960 
1.130602, 0.496857 
1.111202, 0.500285 
1.889802, 0.396135 
1.969802, 0.365189 
1.230602, 0.555241 
1.310402, 0.599144 
1.550802, 0.552948 
1.430402, 0.611584 
1.870402, 0.397633 
1.849802, 0.409465 
1.031402, 0.462155 
1.050602, 0.457101 
1.750002, 0.449966 
1.190602, 0.528039 
1.710002, 0.467663 
1.590402, 0.533209 
1.630402, 0.508251 
1.391002, 0.617922 
1.670602, 0.485513 
1.610202, 0.519769 
1.350402, 0.618369 
1.570202, 0.542010 
1.770002, 0.442183 
1.910402, 0.388307 
1.270602, 0.584345 
1.151202, 0.504358 
1.170602, 0.519033 
1.510402, 0.579793 
1.530202, 0.558728 
1.491002, 0.589915 
1.210602, 0.545694 
1.650002, 0.501687 
1.451002, 0.595403 
1.810602, 0.425125 
1.470602, 0.599680 
1.950602, 0.374930 
1.290602, 0.593630 
1.790002, 0.430160 
1.930002, 0.375233 
1.091202, 0.485286 
1.411002, 0.611514 
1.690202, 0.478397 
1.250602, 0.569520 
1.371202, 0.623556 
1.990602, 0.357665 
1.130802, 0.501425 
1.070802, 0.479528 
1.830002, 0.416270 
1.011202, 0.484281 
1.890002, 0.394134 
1.111402, 0.499995 
1.330602, 0.613529 
1.730802, 0.459747 
1.551002, 0.553055 
1.230802, 0.562900 
1.970002, 0.365212 
1.310602, 0.603458 
1.031602, 0.474446 
1.430602, 0.612248 
1.870602, 0.400391 
1.850002, 0.407846 
1.750202, 0.448049 
1.050802, 0.486142 
1.710202, 0.467815 
1.190802, 0.530582 
1.350602, 0.615350 
1.151402, 0.507040 
1.630602, 0.509342 
1.570402, 0.538297 
1.590602, 0.532000 
1.391202, 0.622338 
1.491202, 0.582069 
1.170802, 0.534242 
1.270802, 0.582175 
1.670802, 0.493290 
1.610402, 0.519582 
1.510602, 0.575289 
1.770202, 0.441264 
1.910602, 0.384880 
1.210802, 0.542809 
1.530402, 0.564061 
1.451202, 0.597050 
1.810802, 0.424309 
1.091402, 0.486748 
1.950802, 0.370366 
1.650202, 0.496629 
1.411202, 0.609982 
1.470802, 0.583561 
1.930202, 0.381346 
1.371402, 0.615698 
1.290802, 0.602462 
1.131002, 0.508422 
1.790202, 0.431422 
1.250802, 0.578795 
1.071002, 0.479912 
1.990802, 0.357779 
1.690402, 0.473262 
1.011402, 0.455021 
1.890202, 0.392628 
1.551202, 0.552407 
1.830202, 0.414898 
1.031802, 0.462650 
1.111602, 0.491728 
1.330802, 0.600810 
1.731002, 0.457587 
1.231002, 0.559245 
1.310802, 0.599511 
1.970202, 0.364976 
1.750402, 0.450664 
1.430802, 0.608073 
1.710402, 0.465311 
1.051002, 0.464558 
1.870802, 0.396048 
1.191002, 0.533199 
1.151602, 0.513550 
1.350802, 0.605139 
1.850202, 0.410590 
1.570602, 0.537275 
1.630802, 0.509179 
1.491402, 0.583225 
1.510802, 0.566036 
1.171002, 0.521270 
1.590802, 0.530037 
1.391402, 0.611766 
1.451402, 0.604323 
1.271002, 0.590182 
1.610602, 0.516814 
1.091602, 0.482626 
1.211002, 0.544116 
1.671002, 0.487508 
1.910802, 0.384354 
1.770402, 0.441432 
1.530602, 0.563964 
1.811002, 0.429937 
1.411402, 0.606060 
1.291002, 0.596788 
1.951002, 0.371972 
1.371602, 0.615993 
1.131202, 0.500737 
1.930402, 0.379533 
1.650402, 0.498441 
1.471002, 0.589313 
1.251002, 0.568004 
1.071202, 0.476132 
1.991002, 0.357489 
1.790402, 0.431509 
1.032002, 0.530198 
1.551402, 0.548777 
1.890402, 0.392826 
1.011602, 0.466791 
1.690602, 0.477598 
1.111802, 0.493453 
1.331002, 0.613025 
1.731202, 0.454170 
1.830402, 0.417078 
1.231202, 0.564633 
1.311002, 0.603565 
1.750602, 0.449312 
1.710602, 0.470514 
1.151802, 0.505072 
1.051202, 0.466517 
1.431002, 0.611314 
1.351002, 0.612445 
1.970402, 0.362957 
1.191202, 0.532395 
1.570802, 0.540401 
1.871002, 0.401174 
1.631002, 0.507805 
1.491602, 0.588543 
1.850402, 0.405926 
1.451602, 0.594815 
1.091802, 0.493883 
1.511002, 0.573194 
1.171202, 0.528919 
1.391602, 0.625877 
1.271202, 0.581935 
1.591002, 0.534973 
1.211202, 0.545513 
1.411602, 0.618386 
1.610802, 0.522264 
1.811202, 0.423006 
1.371802, 0.618189 
1.131402, 0.500150 
1.951202, 0.373104 
1.671202, 0.488841 
1.770602, 0.442437 
1.291202, 0.595001 
1.530802, 0.569342 
1.911002, 0.387235 
1.930602, 0.378361 
1.032202, 0.438366 
1.471202, 0.591808 
1.251202, 0.569527 
1.650602, 0.494404 
1.071402, 0.500573 
1.991202, 0.358651 
1.551602, 0.555165 
1.890602, 0.390966 
1.011802, 0.456434 
1.790602, 0.435501 
1.112002, 0.495562 
1.690802, 0.480161 
1.731402, 0.463123 
1.331202, 0.615485 
1.231402, 0.561988 
1.152002, 0.507721 
1.710802, 0.469785 
1.830602, 0.414747 
1.311202, 0.610561 
1.750802, 0.444088 
1.351202, 0.616642 
1.051402, 0.478294 
1.431202, 0.615423 
1.191402, 0.529872 
1.491802, 0.593318 
1.631202, 0.508920 
1.571002, 0.545633 
1.871202, 0.400138 
1.970602, 0.366980 
1.451802, 0.604223 
1.092002, 0.484374 
1.171402, 0.517532 
1.511202, 0.576171 
1.850602, 0.404222 
1.271402, 0.577161 
1.411802, 0.615901 
1.391802, 0.623559 
1.131602, 0.500714 
1.372002, 0.620584 
1.811402, 0.420293 
1.591202, 0.527018 
1.211402, 0.544853 
1.951402, 0.372788 
1.611002, 0.519486 
1.032402, 0.495785 
1.291402, 0.596367 
1.531002, 0.566117 
1.671402, 0.485322 
1.770802, 0.440999 
1.911202, 0.389111 
1.930802, 0.376990 
1.471402, 0.600766 
1.251402, 0.583398 
1.071602, 0.477830 
1.991402, 0.361213 
1.551802, 0.552094 
1.650802, 0.491764 
1.012002, 0.468105 
1.890802, 0.392055 
1.731602, 0.458460 
1.790802, 0.433032 
1.112202, 0.496937 
1.691002, 0.480766 
1.152202, 0.507883 
1.711002, 0.467364 
1.331402, 0.602770 
1.231602, 0.558617 
1.751002, 0.453426 
1.351402, 0.611561 
1.311402, 0.612270 
1.051602, 0.455874 
1.830802, 0.418864 
1.631402, 0.511805 
1.431402, 0.605973 
1.492002, 0.579164 
1.092202, 0.467097 
1.571202, 0.541690 
1.452002, 0.603062 
1.191602, 0.533562 
1.871402, 0.399572 
1.970802, 0.365562 
1.412002, 0.611951 
1.171602, 0.517760 
1.131802, 0.498184 
1.511402, 0.574061 
1.271602, 0.577086 
1.372202, 0.619653 
1.392002, 0.612224 
1.850802, 0.405326 
1.811602, 0.420016 
1.032602, 0.471611 
1.211602, 0.544831 
1.591402, 0.532750 
1.951602, 0.369369 
1.611202, 0.517044 
1.931002, 0.382157 
1.291602, 0.593900 
1.531202, 0.566969 
1.671602, 0.485464 
1.911402, 0.382991 
1.552002, 0.550416 
1.771002, 0.437469 
1.071802, 0.502773 
1.991602, 0.358303 
1.251602, 0.569265 
1.471602, 0.595447 
1.891002, 0.392347 
1.012202, 0.495559 
1.651002, 0.499398 
1.731802, 0.459075 
1.152402, 0.503041 
1.112402, 0.486237 
1.351602, 0.613295 
1.691202, 0.480538 
1.711202, 0.471287 
1.791002, 0.430665 
1.231802, 0.561818 
1.751202, 0.448817 
1.331602, 0.616958 
1.092402, 0.475958 
1.631602, 0.513025 
1.051802, 0.470448 
1.492202, 0.578067 
1.311602, 0.604945 
1.571402, 0.547978 
1.431602, 0.604626 
1.831002, 0.414235 
1.452202, 0.593730 
1.191802, 0.528239 
1.412202, 0.610661 
1.132002, 0.506156 
1.372402, 0.617927 
1.971002, 0.365842 
1.171802, 0.520275 
1.511602, 0.572070 
1.032802, 0.447275 
1.871602, 0.393967 
1.271802, 0.593059 
1.392202, 0.618000 
1.811802, 0.423433 
1.211802, 0.543207 
1.951802, 0.369094 
1.851002, 0.410173 
1.591602, 0.529217 
1.931202, 0.375734 
1.291802, 0.591989 
1.531402, 0.559424 
1.611402, 0.516785 
1.552202, 0.549971 
1.991802, 0.360509 
1.072002, 0.481613 
1.671802, 0.487403 
1.771202, 0.438115 
1.251802, 0.573827 
1.911602, 0.383587 
1.012402, 0.474269 
1.471802, 0.591699 
1.732002, 0.458419 
1.891202, 0.392433 
1.152602, 0.511493 
1.351802, 0.610377 
1.651202, 0.498723 
1.112602, 0.493990 
1.092602, 0.481367 
1.711402, 0.467726 
1.232002, 0.561513 
1.751402, 0.450807 
1.331802, 0.613495 
1.791202, 0.434172 
1.691402, 0.478433 
1.492402, 0.584094 
1.631802, 0.510296 
1.311802, 0.608524 
1.052002, 0.479199 
1.571602, 0.545631 
1.452402, 0.601143 
1.431802, 0.607452 
1.192002, 0.528633 
1.831202, 0.411932 
1.132202, 0.500070 
1.412402, 0.621126 
1.372602, 0.610573 
1.033002, 0.455765 
1.172002, 0.521978 
1.511802, 0.576822 
1.812002, 0.422425 
1.272002, 0.588658 
1.971202, 0.364934 
1.392402, 0.615207 
1.212002, 0.553827 
1.952002, 0.370271 
1.871802, 0.399171 
1.591802, 0.529854 
1.931402, 0.378817 
1.851202, 0.406782 
1.552402, 0.552581 
1.531602, 0.565140 
1.292002, 0.592357 
1.992002, 0.361433 
1.072202, 0.482797 
1.611602, 0.516941 
1.152802, 0.508635 
1.252002, 0.571899 
1.012602, 0.441391 
1.672002, 0.489301 
1.732202, 0.454808 
1.352002, 0.612431 
1.472002, 0.593774 
1.891402, 0.389000 
1.771402, 0.441707 
1.092802, 0.482522 
1.911802, 0.391176 
1.112802, 0.483292 
1.711602, 0.469025 
1.651402, 0.496583 
1.232202, 0.555571 
1.492602, 0.579426 
1.751602, 0.450141 
1.632002, 0.503213 
1.571802, 0.534926 
1.452602, 0.604622 
1.332002, 0.618609 
1.691602, 0.475750 
1.312002, 0.599454 
1.052202, 0.458943 
1.791402, 0.431580 
1.132402, 0.504449 
1.432002, 0.614991 
1.412602, 0.628326 
1.192202, 0.533361 
1.372802, 0.612737 
1.033202, 0.451329 
1.831402, 0.416156 
1.172202, 0.523660 
1.512002, 0.580130 
1.812202, 0.423626 
1.272202, 0.584207 
1.212202, 0.547799 
1.952202, 0.373085 
1.392602, 0.612339 
1.971402, 0.367217 
1.872002, 0.396573 
1.592002, 0.534254 
1.552602, 0.551815 
1.931602, 0.377933 
1.153002, 0.515295 
1.292202, 0.609097 
1.072402, 0.477891 
1.851402, 0.407190 
1.531802, 0.562904 
1.992202, 0.359253 
1.352202, 0.623168 
1.093002, 0.488445 
1.012802, 0.478965 
1.672202, 0.487177 
1.252202, 0.579703 
1.611802, 0.517660 
1.732402, 0.462746 
1.891602, 0.396988 
1.472202, 0.596904 
1.113002, 0.502329 
1.771602, 0.440131 
1.711802, 0.467686 
1.912002, 0.383535 
1.492802, 0.588899 
1.751802, 0.451582 
1.632202, 0.504225 
1.232402, 0.552517 
1.572002, 0.542593 
1.452802, 0.606091 
1.651602, 0.495845 
1.052402, 0.475321 
1.132602, 0.498537 
1.332202, 0.610815 
1.312202, 0.600433 
1.033402, 0.474931 
1.691802, 0.473551 
1.412802, 0.609629 
1.373002, 0.621218 
1.791602, 0.433675 
1.192402, 0.536710 
1.432202, 0.607379 
1.831602, 0.416309 
1.172402, 0.521428 
1.272402, 0.585871 
1.812402, 0.426470 
1.512202, 0.569360 
1.952402, 0.368902 
1.212402, 0.554447 
1.971602, 0.365610 
1.392802, 0.619078 
1.872202, 0.398508 
1.153202, 0.514686 
1.552802, 0.548684 
1.072602, 0.483638 
1.592202, 0.528363 
1.931802, 0.375077 
1.292402, 0.594848 
1.352402, 0.619201 
1.093202, 0.488169 
1.992402, 0.358254 
1.532002, 0.564200 
1.851602, 0.408119 
1.672402, 0.486344 
1.013002, 0.463609 
1.732602, 0.459300 
1.891802, 0.391542 
1.252402, 0.575900 
1.612002, 0.516543 
1.472402, 0.587312 
1.113202, 0.496587 
1.712002, 0.465728 
1.493002, 0.583430 
1.453002, 0.608486 
1.572202, 0.544848 
1.632402, 0.510761 
1.771802, 0.438464 
1.132802, 0.492325 
1.752002, 0.451916 
1.232602, 0.562852 
1.052602, 0.467059 
1.912202, 0.385141 
1.033602, 0.498652 
1.651802, 0.502480 
1.312402, 0.600766 
1.332402, 0.608867 
1.373202, 0.616656 
1.413002, 0.609907 
1.692002, 0.478228 
1.192602, 0.537786 
1.432402, 0.616746 
1.791802, 0.430420 
1.831802, 0.416037 
1.172602, 0.523879 
1.272602, 0.584500 
1.812602, 0.429372 
1.512402, 0.578960 
1.212602, 0.549434 
1.952602, 0.371197 
1.153402, 0.510789 
1.971802, 0.367707 
1.553002, 0.549140 
1.393002, 0.607388 
1.072802, 0.483381 
1.872402, 0.398692 
1.592402, 0.531345 
1.292602, 0.596335 
1.093402, 0.481644 
1.352602, 0.617420 
1.932002, 0.378097 
1.672602, 0.487822 
1.992602, 0.360902 
1.013202, 0.443760 
1.732802, 0.456730 
1.851802, 0.408432 
1.532202, 0.565400 
1.252602, 0.576707 
1.892002, 0.391242 
1.612202, 0.518250 
1.712202, 0.466769 
1.113402, 0.494705 
1.493202, 0.582625 
1.133002, 0.499412 
1.572402, 0.533271 
1.453202, 0.602435 
1.472602, 0.592464 
1.632602, 0.507681 
1.033802, 0.478964 
1.752202, 0.448342 
1.232802, 0.561988 
1.052802, 0.482248 
1.772002, 0.439331 
1.652002, 0.497240 
1.373402, 0.618159 
1.413202, 0.608277 
1.312602, 0.605131 
1.912402, 0.388485 
1.332602, 0.615530 
1.192802, 0.539192 
1.692202, 0.477063 
1.432602, 0.606893 
1.792002, 0.431809 
1.172802, 0.522611 
1.272802, 0.586600 
1.832002, 0.412723 
1.812802, 0.422168 
1.212802, 0.546294 
1.512602, 0.570017 
1.952802, 0.370374 
1.153602, 0.502469 
1.553202, 0.550233 
1.073002, 0.485399 
1.093602, 0.503354 
1.393202, 0.615943 
1.972002, 0.364079 
1.352802, 0.618913 
1.872602, 0.397169 
1.932202, 0.377626 
1.013402, 0.452740 
1.292802, 0.596592 
1.592602, 0.531803 
1.672802, 0.485114 
1.733002, 0.457342 
1.992802, 0.359584 
1.852002, 0.411727 
1.532402, 0.563865 
1.252802, 0.566349 
1.113602, 0.498699 
1.892202, 0.393368 
1.133202, 0.488103 
1.712402, 0.470512 
1.493402, 0.579456 
1.453402, 0.606412 
1.612402, 0.515755 
1.034002, 0.463583 
1.572602, 0.536937 
1.632802, 0.506324 
1.472802, 0.592228 
1.752402, 0.448291 
1.233002, 0.563546 
1.373602, 0.624311 
1.053002, 0.519919 
1.413402, 0.613474 
1.652202, 0.494951 
1.772202, 0.440940 
1.312802, 0.606844 
1.332802, 0.604061 
1.193002, 0.535513 
1.692402, 0.479602 
1.912602, 0.385870 
1.432802, 0.603606 
1.173002, 0.521601 
1.792202, 0.430264 
1.273002, 0.588823 
1.153802, 0.507741 
1.813002, 0.426468 
1.213002, 0.541161 
1.832202, 0.413356 
1.953002, 0.370022 
1.512802, 0.570266 
1.553402, 0.550921 
1.073202, 0.475055 
1.093802, 0.478388 
1.353002, 0.614187 
1.393402, 0.614105 
1.013602, 0.437377 
1.972202, 0.362949 
1.932402, 0.375833 
1.673002, 0.492143 
1.872802, 0.397235 
1.293002, 0.599287 
1.733202, 0.461609 
1.592802, 0.530744 
1.133402, 0.500921 
1.993002, 0.355916 
1.034202, 0.467166 
1.113802, 0.493665 
1.852202, 0.408576 
1.712602, 0.464343 
1.253002, 0.567523 
1.892402, 0.395989 
1.453602, 0.605665 
1.493602, 0.579760 
1.532602, 0.567455 
1.572802, 0.543179 
1.633002, 0.502228 
1.612602, 0.519421 
1.473002, 0.592106 
1.752602, 0.446073 
1.373802, 0.619263 
1.233202, 0.560275 
1.413602, 0.623624 
1.053202, 0.471871 
1.313002, 0.606620 
1.193202, 0.532128 
1.772402, 0.435474 
1.652402, 0.494490 
1.333002, 0.617728 
1.692602, 0.475931 
1.912802, 0.387503 
1.173202, 0.526895 
1.433002, 0.603436 
1.154002, 0.508969 
1.273202, 0.593475 
1.792402, 0.430429 
1.213202, 0.545877 
1.813202, 0.422443 
1.094002, 0.484867 
1.832402, 0.415056 
1.953202, 0.368712 
1.553602, 0.549716 
1.073402, 0.480412 
1.513002, 0.572269 
1.353202, 0.613988 
1.013802, 0.494352 
1.393602, 0.623805 
1.673202, 0.484482 
1.932602, 0.378586 
1.133602, 0.510316 
1.114002, 0.502215 
1.034402, 0.472055 
1.293202, 0.598631 
1.733402, 0.457281 
1.972402, 0.362799 
1.873002, 0.398880 
1.593002, 0.531022 
1.993202, 0.357792 
1.712802, 0.468351 
1.453802, 0.610938 
1.493802, 0.583829 
1.892602, 0.390297 
1.573002, 0.539801 
1.253202, 0.568286 
1.852402, 0.407886 
1.633202, 0.502436 
1.532802, 0.567376 
1.374002, 0.608365 
1.752802, 0.450059 
1.612802, 0.516506 
1.473202, 0.594773 
1.413802, 0.612870 
1.053402, 0.472814 
1.233402, 0.560395 
1.193402, 0.541077 
1.313202, 0.606704 
1.772602, 0.436126 
1.652602, 0.493840 
1.333202, 0.606955 
1.173402, 0.531184 
1.154202, 0.507522 
1.913002, 0.385473 
1.692802, 0.480499 
1.433202, 0.608143 
1.094202, 0.478748 
1.273402, 0.577334 
1.213402, 0.550277 
1.813402, 0.425097 
1.792602, 0.430327 
1.553802, 0.554663 
1.353402, 0.612497 
1.953402, 0.370305 
1.832602, 0.414609 
1.073602, 0.487861 
1.513202, 0.571323 
1.393802, 0.624651 
1.014002, 0.487332 
1.133802, 0.502182 
1.034602, 0.468889 
1.673402, 0.486223 
1.932802, 0.376650 
1.114202, 0.488672 
1.293402, 0.600656 
1.733602, 0.459435 
1.454002, 0.597824 
1.494002, 0.580590 
1.713002, 0.465477 
1.873202, 0.397610 
1.573202, 0.541620 
1.593202, 0.527404 
1.993402, 0.355894 
1.892802, 0.393972 
1.253402, 0.575181 
1.972602, 0.365685 
1.633402, 0.506800 
1.374202, 0.616030 
1.852602, 0.407174 
1.533002, 0.558702 
1.414002, 0.615408 
1.753002, 0.451228 
1.473402, 0.590601 
1.053602, 0.477557 
1.613002, 0.520864 
1.233602, 0.559962 
1.193602, 0.529057 
1.313402, 0.605883 
1.652802, 0.497364 
1.772802, 0.443265 
1.154402, 0.512326 
1.333402, 0.618756 
1.173602, 0.522492 
1.094402, 0.489858 
1.693002, 0.477078 
1.433402, 0.609111 
1.913202, 0.385199 
1.213602, 0.547809 
1.273602, 0.583423 
1.554002, 0.549674 
1.353602, 0.619769 
1.813602, 0.420354 
1.073802, 0.467524 
1.953602, 0.368168 
1.792802, 0.427440 
1.134002, 0.502298 
1.034802, 0.467711 
1.832802, 0.412623 
1.513402, 0.572631 
1.394002, 0.619949 
1.014202, 0.442268 
1.673602, 0.486066 
1.114402, 0.497580 
1.933002, 0.375132 
1.733802, 0.454667 
1.454202, 0.595782 
1.293602, 0.594426 
1.573402, 0.539006 
1.593402, 0.528719 
1.494202, 0.582125 
1.713202, 0.467831 
1.253602, 0.566258 
1.893002, 0.390305 
1.633602, 0.508794 
1.374402, 0.610737 
1.993602, 0.359358 
1.414202, 0.614458 
1.972802, 0.366787 
1.873402, 0.396547 
1.753202, 0.445716 
1.053802, 0.480780 
1.473602, 0.598500 
1.533202, 0.556991 
1.852802, 0.406071 
1.613202, 0.518976 
1.233802, 0.562694 
1.193802, 0.537275 
1.313602, 0.604219 
1.154602, 0.517566 
1.653002, 0.501551 
1.094602, 0.487040 
1.173802, 0.524516 
1.333602, 0.607531 
1.773002, 0.438002 
1.213802, 0.545307 
1.433602, 0.607892 
1.693202, 0.475861 
1.353802, 0.619449 
1.554202, 0.545793 
1.273802, 0.582915 
1.913402, 0.387243 
1.813802, 0.420920 
1.074002, 0.488492 
1.035002, 0.470637 
1.134202, 0.503163 
1.953802, 0.373670 
1.793002, 0.434826 
1.014402, 0.496319 
1.394202, 0.615642 
1.513602, 0.576308 
1.833002, 0.416621 
1.673802, 0.483892 
1.114602, 0.486100 
1.293802, 0.591969 
1.454402, 0.606031 
1.933202, 0.375066 
1.573602, 0.543815 
1.713402, 0.465979 
1.734002, 0.460964 
1.494402, 0.578849 
1.633802, 0.512874 
1.374602, 0.611844 
1.253802, 0.569905 
1.593602, 0.524512 
1.414402, 0.610939 
1.893202, 0.388631 
1.993802, 0.358587 
1.753402, 0.451595 
1.054002, 0.471855 
1.473802, 0.589887 
1.973002, 0.361939 
1.873602, 0.399238 
1.533402, 0.555303 
1.234002, 0.560548 
1.853002, 0.407752 
1.613402, 0.514931 
1.154802, 0.508902 
1.194002, 0.538080 
1.313802, 0.603189 
1.094802, 0.486438 
1.174002, 0.523737 
1.333802, 0.612822 
1.653202, 0.502353 
1.214002, 0.548565 
1.773202, 0.438787 
1.354002, 0.613473 
1.433802, 0.612707 
1.554402, 0.556042 
1.693402, 0.477177 
1.035203, 0.467983 
1.134402, 0.496926 
1.274002, 0.586363 
1.074202, 0.502985 
1.814002, 0.418661 
1.014602, 0.450798 
1.913602, 0.387435 
1.954002, 0.372876 
1.793202, 0.431323 
1.394402, 0.613304 
1.114802, 0.495119 
1.513802, 0.576747 
1.674002, 0.481056 
1.454602, 0.601238 
1.494602, 0.582139 
1.734202, 0.457936 
1.294002, 0.600083 
1.833202, 0.416026 
1.573802, 0.541021 
1.933402, 0.379048 
1.713602, 0.468517 
1.634002, 0.508979 
1.374802, 0.619685 
1.414602, 0.610613 
1.254002, 0.569878 
1.893402, 0.390678 
1.593802, 0.525869 
1.994002, 0.356901 
1.753602, 0.446717 
1.054202, 0.469075 
1.474002, 0.592336 
1.155002, 0.509045 
1.234202, 0.558021 
1.533602, 0.564747 
1.873802, 0.399987 
1.973202, 0.364902 
1.334002, 0.611828 
1.095003, 0.490506 
1.613602, 0.521376 
1.194202, 0.541859 
1.853202, 0.403128 
1.314002, 0.607682 
1.174202, 0.523624 
1.653402, 0.499897 
1.214202, 0.552129 
1.354202, 0.604862 
1.035403, 0.447905 
1.134602, 0.510090 
1.554602, 0.550430 
1.773402, 0.443101 
1.434002, 0.615690 
1.693602, 0.478776 
1.274202, 0.586484 
1.814202, 0.423849 
1.074402, 0.495355 
1.014802, 0.453633 
1.394602, 0.617320 
1.954202, 0.372872 
1.913802, 0.385255 
1.115003, 0.504842 
1.674202, 0.487112 
1.793402, 0.430979 
1.454803, 0.601004 
1.574002, 0.545849 
1.494802, 0.582637 
1.734402, 0.458341 
1.514002, 0.574459 
1.294202, 0.596306 
1.833402, 0.414754 
1.375003, 0.622100 
1.254202, 0.579225 
1.933602, 0.378049 
1.713802, 0.470294 
1.634202, 0.508560 
1.414802, 0.621487 
1.893602, 0.392675 
1.753802, 0.448899 
1.994202, 0.356842 
1.054402, 0.466630 
1.155203, 0.510081 
1.594002, 0.530264 
1.474202, 0.599091 
1.095203, 0.488712 
1.314202, 0.607550 
1.234402, 0.562906 
1.874002, 0.401341 
1.334202, 0.607777 
1.533802, 0.563131 
1.194402, 0.541077 
1.973402, 0.367913 
1.613802, 0.512057 
1.174402, 0.525277 
1.853402, 0.408975 
1.035603, 0.466470 
1.653602, 0.500531 
1.214402, 0.542433 
1.354402, 0.609938 
1.134802, 0.503918 
1.434202, 0.601249 
1.554802, 0.555377 
1.074602, 0.455992 
1.814402, 0.423102 
1.015002, 0.495349 
1.274402, 0.581457 
1.773602, 0.443174 
1.693802, 0.473203 
1.394802, 0.614406 
1.954402, 0.369269 
1.115203, 0.490658 
1.455003, 0.601808 
1.674402, 0.487256 
1.495003, 0.586150 
1.574202, 0.541851 
1.734602, 0.459760 
1.914002, 0.385151 
1.375203, 0.622593 
1.294402, 0.581873 
1.793602, 0.428457 
1.634402, 0.505865 
1.514202, 0.571571 
1.714002, 0.469172 
1.415002, 0.612522 
1.933802, 0.379385 
1.254402, 0.572474 
1.833602, 0.411456 
1.155403, 0.515916 
1.893802, 0.390604 
1.754002, 0.444741 
1.994402, 0.356402 
1.054602, 0.467049 
1.095403, 0.481663 
1.594202, 0.527444 
1.474402, 0.589291 
1.314402, 0.607742 
1.234602, 0.564960 
1.874202, 0.393783 
1.334402, 0.609147 
1.194602, 0.533349 
1.534002, 0.560372 
1.035803, 0.483514 
1.174602, 0.517650 
1.354602, 0.619803 
1.135002, 0.504578 
1.973602, 0.364814 
1.614002, 0.517180 
1.853602, 0.409342 
1.434402, 0.610832 
1.214602, 0.544506 
1.653802, 0.493986 
1.555002, 0.554536 
1.074802, 0.476078 
1.015203, 0.489077 
1.814602, 0.420242 
1.274602, 0.584118 
1.773802, 0.437654 
1.395002, 0.613912 
1.115403, 0.504173 
1.954602, 0.369232 
1.694002, 0.480449 
1.455203, 0.597139 
1.574402, 0.541988 
1.495203, 0.576722 
1.674602, 0.488869 
1.375403, 0.618773 
1.734802, 0.456020 
1.294602, 0.593688 
1.914202, 0.385126 
1.634602, 0.506484 
1.415202, 0.610896 
1.514402, 0.570102 
1.714202, 0.466041 
1.254602, 0.570885 
1.155603, 0.512141 
1.934002, 0.378594 
1.793802, 0.435020 
1.833802, 0.413914 
1.095603, 0.483519 
1.054802, 0.478159 
1.894002, 0.393918 
1.754202, 0.446770 
1.994602, 0.359465 
1.594402, 0.528830 
1.234802, 0.564421 
1.474602, 0.589920 
1.314602, 0.606234 
1.334602, 0.610528 
1.036003, 0.477976 
1.194802, 0.548113 
1.135203, 0.500528 
1.354802, 0.616403 
1.534202, 0.560641 
1.174802, 0.517520 
1.874402, 0.399978 
1.214803, 0.548954 
1.075002, 0.476518 
1.614202, 0.518062 
1.973802, 0.362797 
1.434602, 0.607888 
1.555202, 0.550352 
1.853802, 0.405375 
1.654002, 0.496233 
1.015403, 0.451423 
1.814802, 0.421662 
1.455403, 0.606071 
1.274802, 0.584567 
1.774002, 0.441912 
1.395203, 0.618744 
1.954803, 0.369267 
1.115603, 0.482403 
1.495403, 0.583440 
1.674802, 0.487010 
1.574602, 0.543670 
1.375603, 0.617774 
1.155803, 0.508081 
1.694202, 0.473057 
1.415403, 0.618626 
1.735003, 0.454362 
1.634802, 0.505357 
1.294802, 0.598529 
1.254802, 0.571472 
1.934202, 0.380858 
1.714402, 0.467180 
1.514602, 0.571947 
1.914402, 0.384121 
1.095803, 0.486641 
1.794002, 0.429104 
1.754402, 0.451390 
1.055002, 0.470521 
1.894202, 0.391652 
1.834002, 0.416217 
1.994802, 0.355329 
1.594602, 0.533177 
1.036203, 0.454581 
1.314802, 0.604903 
1.334803, 0.612396 
1.235003, 0.561761 
1.135403, 0.499569 
1.355003, 0.616342 
1.474802, 0.591492 
1.195002, 0.535380 
1.175002, 0.528217 
1.534402, 0.562108 
1.874602, 0.399429 
1.075202, 0.498133 
1.555403, 0.550127 
1.215003, 0.552255 
1.614402, 0.520012 
1.974002, 0.370056 
1.434802, 0.606178 
1.854002, 0.409681 
1.654202, 0.495464 
1.815002, 0.419609 
1.015603, 0.477963 
1.455603, 0.599279 
1.275002, 0.596241 
1.495603, 0.585967 
1.156003, 0.507853 
1.395403, 0.624385 
1.675002, 0.481476 
1.955003, 0.370321 
1.375803, 0.621635 
1.115803, 0.489967 
1.574802, 0.535186 
1.774202, 0.440002 
1.415603, 0.624040 
1.295002, 0.584454 
1.635002, 0.503198 
1.735203, 0.458087 
1.694402, 0.476463 
1.255002, 0.568132 
1.934402, 0.376025 
1.096003, 0.495432 
1.714602, 0.464803 
1.514802, 0.567245 
1.914602, 0.387666 
1.754602, 0.448292 
1.055202, 0.478116 
1.794202, 0.429545 
1.894402, 0.390926 
1.834202, 0.414477 
1.036403, 0.471955 
1.135603, 0.505741 
1.995003, 0.356717 
1.315002, 0.600292 
1.355203, 0.614271 
1.594802, 0.523558 
1.235203, 0.569620 
1.335003, 0.615958 
1.475003, 0.588780 
1.195202, 0.536855 
1.175202, 0.532239 
1.534602, 0.558605 
1.075402, 0.488557 
1.555603, 0.550455 
1.215203, 0.550999 
1.874802, 0.397982 
1.614602, 0.513913 
1.435002, 0.611031 
1.654402, 0.499487 
1.455803, 0.599675 
1.974202, 0.363824 
1.854202, 0.404667 
1.815202, 0.422523 
1.015803, 0.471671 
1.156203, 0.507168 
1.495803, 0.581486 
1.275203, 0.595271 
1.376003, 0.614049 
1.675202, 0.482894 
1.575002, 0.538529 
1.116003, 0.493352 
1.955203, 0.370245 
1.395603, 0.616330 
1.415803, 0.622425 
1.295202, 0.601714 
1.774402, 0.438826 
1.635203, 0.506780 
1.735403, 0.454668 
1.096203, 0.493170 
1.694602, 0.477779 
1.255203, 0.578567 
1.934602, 0.377990 
1.714803, 0.466578 
1.515002, 0.579970 
1.055403, 0.468389 
1.754802, 0.443842 
1.036603, 0.471883 
1.135803, 0.502109 
1.894602, 0.394255 
1.914802, 0.383510 
1.794402, 0.433993 
1.995203, 0.353808 
1.834402, 0.416397 
1.355403, 0.617909 
1.195403, 0.529491 
1.475203, 0.597666 
1.335203, 0.609337 
1.315202, 0.597929 
1.235403, 0.563280 
1.175403, 0.520251 
1.595003, 0.527011 
1.534802, 0.557996 
1.075603, 0.475822 
1.555803, 0.551682 
1.215403, 0.553101 
1.614802, 0.518128 
1.456003, 0.602142 
1.875003, 0.398349 
1.156403, 0.517464 
1.435202, 0.601146 
1.016003, 0.445835 
1.815403, 0.422732 
1.654602, 0.497845 
1.496003, 0.580967 
1.275403, 0.588438 
1.974402, 0.363310 
1.376203, 0.622729 
1.854402, 0.401593 
1.675403, 0.484835 
1.575202, 0.533743 
1.416003, 0.625804 
1.116203, 0.502521 
1.955403, 0.369524 
1.096403, 0.486051 
1.395803, 0.619905 
1.635403, 0.509663 
1.295403, 0.601600 
1.735603, 0.455612 
1.255403, 0.580127 
1.774602, 0.440942 
1.715003, 0.464660 
1.934802, 0.375357 
1.694802, 0.475066 
1.055603, 0.468762 
1.036803, 0.476135 
1.515203, 0.573095 
1.755002, 0.443755 
1.136003, 0.502780 
1.894802, 0.387824 
1.355603, 0.611966 
1.915002, 0.383870 
1.794602, 0.431950 
1.995403, 0.355515 
1.834602, 0.414658 
1.195603, 0.540350 
1.315403, 0.608592 
1.175603, 0.526203 
1.475403, 0.590172 
1.235603, 0.558958 
1.335403, 0.611289 
1.556003, 0.552194 
1.595203, 0.531270 
1.075803, 0.490241 
1.535002, 0.563823 
1.215603, 0.550201 
1.456203, 0.597549 
1.156603, 0.510684 
1.016203, 0.485396 
1.615003, 0.518044 
1.496203, 0.580486 
1.815603, 0.419682 
1.435403, 0.604394 
1.376403, 0.623316 
1.275603, 0.587859 
1.875203, 0.401155 
1.116403, 0.496595 
1.675603, 0.481953 
1.575402, 0.538182 
1.654802, 0.497244 
1.096603, 0.484930 
1.416203, 0.610226 
1.854602, 0.403892 
1.974602, 0.364180 
1.635603, 0.508487 
1.955603, 0.374094 
1.396003, 0.626098 
1.295603, 0.603164 
1.735803, 0.452402 
1.255603, 0.571557 
1.715203, 0.461655 
1.935002, 0.376285 
1.037003, 0.459543 
1.055803, 0.491537 
1.136203, 0.494761 
1.774802, 0.438109 
1.695002, 0.478835 
1.755203, 0.443714 
1.515403, 0.577405 
1.355803, 0.609777 
1.895002, 0.393687 
1.995603, 0.356234 
1.794802, 0.432137 
1.195803, 0.536694 
1.915202, 0.384780 
1.315603, 0.607087 
1.175803, 0.517591 
1.335603, 0.607883 
1.834803, 0.413405 
1.235803, 0.554377 
1.475603, 0.594690 
1.556203, 0.544274 
1.076003, 0.500000 
1.156803, 0.510828 
1.595403, 0.526296 
1.456403, 0.607194 
1.535203, 0.568090 
1.215803, 0.553042 
1.016403, 0.472888 
1.496403, 0.585374 
1.376603, 0.620072 
1.615203, 0.518682 
1.116603, 0.493874 
1.435603, 0.607063 
1.275803, 0.584139 
1.815803, 0.422160 
1.575603, 0.536548 
1.096803, 0.480986 
1.675803, 0.482220 
1.875403, 0.396519 
1.416403, 0.609751 
1.655002, 0.498351 
1.635803, 0.498432 
1.955803, 0.370848 
1.974802, 0.362277 
1.736003, 0.456177 
1.854802, 0.407253 
1.295803, 0.597218 
1.396203, 0.618829 
1.715403, 0.468733 
1.037203, 0.498601 
1.255803, 0.573807 
1.136403, 0.501844 
1.056003, 0.464382 
1.935202, 0.378467 
1.755403, 0.448182 
1.775002, 0.441014 
1.356003, 0.613207 
1.695202, 0.475253 
1.515603, 0.570834 
1.895203, 0.393924 
1.196003, 0.536777 
1.995803, 0.359583 
1.335803, 0.610906 
1.236003, 0.559260 
1.795002, 0.430118 
1.176003, 0.524437 
1.915403, 0.388501 
1.315803, 0.604516 
1.556403, 0.552723 
1.835003, 0.413437 
1.157003, 0.517819 
1.475803, 0.584703 
1.076203, 0.480751 
1.456603, 0.595600 
1.216003, 0.549048 
1.535403, 0.561989 
1.595603, 0.526793 
1.016603, 0.494748 
1.496603, 0.579641 
1.376803, 0.618870 
1.097003, 0.482286 
1.435803, 0.610763 
1.116803, 0.493653 
1.615403, 0.514871 
1.575803, 0.536062 
1.276003, 0.583392 
1.875603, 0.401476 
1.816003, 0.420611 
1.676003, 0.484902 
1.416603, 0.607505 
1.636003, 0.507113 
1.655203, 0.503296 
1.956003, 0.370057 
1.736203, 0.453241 
1.396403, 0.617251 
1.037403, 0.465698 
1.296003, 0.602882 
1.136603, 0.502694 
1.855003, 0.403369 
1.975003, 0.365111 
1.256003, 0.584797 
1.715603, 0.466399 
1.056203, 0.463805 
1.935403, 0.374465 
1.356203, 0.615115 
1.755603, 0.449961 
1.695403, 0.476414 
1.775203, 0.434537 
1.515803, 0.568540 
1.895403, 0.391188 
1.196203, 0.535923 
1.996003, 0.354948 
1.176203, 0.521016 
1.336003, 0.616021 
1.236203, 0.564468 
1.795202, 0.431836 
1.157203, 0.516892 
1.316003, 0.603977 
1.556603, 0.552484 
1.456803, 0.603243 
1.915603, 0.381841 
1.076403, 0.491817 
1.476003, 0.585151 
1.835203, 0.408526 
1.216203, 0.548834 
1.377003, 0.619246 
1.535603, 0.561303 
1.496803, 0.580907 
1.097203, 0.483096 
1.016803, 0.423716 
1.595803, 0.526774 
1.576003, 0.539827 
1.117003, 0.495783 
1.436003, 0.598930 
1.276203, 0.585194 
1.676203, 0.482676 
1.416803, 0.614852 
1.816203, 0.421649 
1.615603, 0.516967 
1.037603, 0.469961 
1.636203, 0.503642 
1.875803, 0.399528 
1.136803, 0.495713 
1.956203, 0.370410 
1.296203, 0.599188 
1.736403, 0.454272 
1.655403, 0.502083 
1.396603, 0.623101 
1.715803, 0.466674 
1.256203, 0.573988 
1.056403, 0.467453 
1.855203, 0.407338 
1.356403, 0.618371 
1.975203, 0.361327 
1.755803, 0.449612 
1.935603, 0.377576 
1.695603, 0.475974 
1.775403, 0.439306 
1.516003, 0.573634 
1.895603, 0.391412 
1.196403, 0.537957 
1.157403, 0.520750 
1.176403, 0.525838 
1.996203, 0.356758 
1.236403, 0.571855 
1.795403, 0.426798 
1.316203, 0.601449 
1.556803, 0.552923 
1.336203, 0.611764 
1.457003, 0.599541 
1.076603, 0.493062 
1.476203, 0.592978 
1.377203, 0.620467 
1.915803, 0.384941 
1.216403, 0.546221 
1.097403, 0.489568 
1.835403, 0.413496 
1.497003, 0.579040 
1.017003, 0.469788 
1.535803, 0.555500 
1.436203, 0.609224 
1.596003, 0.525567 
1.576203, 0.532805 
1.417003, 0.608710 
1.117203, 0.492305 
1.276403, 0.591013 
1.676403, 0.482010 
1.037803, 0.464508 
1.816403, 0.425677 
1.615803, 0.518831 
1.137003, 0.498669 
1.636403, 0.505206 
1.736603, 0.455020 
1.876003, 0.401279 
1.956403, 0.369192 
1.296403, 0.598842 
1.716003, 0.465965 
1.396803, 0.614332 
1.655603, 0.495518 
1.256403, 0.573489 
1.356603, 0.618275 
1.056603, 0.471332 
1.935803, 0.380258 
1.756003, 0.451580 
1.855403, 0.400891 
1.975403, 0.360050 
1.895803, 0.396021 
1.695803, 0.471821 
1.516203, 0.578986 
1.775603, 0.440774 
1.157603, 0.509808 
1.196603, 0.524751 
1.236603, 0.564631 
1.996403, 0.353605 
1.557003, 0.548218 
1.176603, 0.528205 
1.316403, 0.605768 
1.795603, 0.430826 
1.457203, 0.601441 
1.336403, 0.606085 
1.097603, 0.486462 
1.076803, 0.474714 
1.377403, 0.623495 
1.497203, 0.579681 
1.216603, 0.551681 
1.476403, 0.592350 
1.017203, 0.476953 
1.038003, 0.446140 
1.916003, 0.386200 
1.417203, 0.608563 
1.117403, 0.492106 
1.835603, 0.410862 
1.536003, 0.560696 
1.576403, 0.543697 
1.436403, 0.612753 
1.676603, 0.481810 
1.816603, 0.419548 
1.137203, 0.503994 
1.276603, 0.590867 
1.596203, 0.530502 
1.636603, 0.506480 
1.616003, 0.516836 
1.736803, 0.454128 
1.716203, 0.463411 
1.956603, 0.368379 
1.056803, 0.478259 
1.356803, 0.620523 
1.397003, 0.606593 
1.256603, 0.578331 
1.296603, 0.596672 
1.876203, 0.398214 
1.936003, 0.378136 
1.756203, 0.442924 
1.655803, 0.495476 
1.157803, 0.507061 
1.896003, 0.388580 
1.855603, 0.405677 
1.516403, 0.570179 
1.975603, 0.362018 
1.696003, 0.475406 
1.196803, 0.535980 
1.316603, 0.600734 
1.457403, 0.600906 
1.557203, 0.552341 
1.996603, 0.354210 
1.775803, 0.435596 
1.236803, 0.558863 
1.097803, 0.483792 
1.176803, 0.527984 
1.377603, 0.622463 
1.336603, 0.616236 
1.795803, 0.430013 
1.497403, 0.575737 
1.077003, 0.488506 
1.038203, 0.469336 
1.417403, 0.614285 
1.017403, 0.466594 
1.216803, 0.541991 
1.576603, 0.540941 
1.476603, 0.588105 
1.117603, 0.495476 
1.536203, 0.562095 
1.676803, 0.491673 
1.137403, 0.494634 
1.816803, 0.422236 
1.916203, 0.383986 
1.636803, 0.503464 
1.835803, 0.417167 
1.436603, 0.603433 
1.737003, 0.459745 
1.276803, 0.585239 
1.357003, 0.616031 
1.596403, 0.520337 
1.616203, 0.519083 
1.057003, 0.476600 
1.716403, 0.462624 
1.956803, 0.366519 
1.397203, 0.616569 
1.296803, 0.593437 
1.936203, 0.375816 
1.256803, 0.575115 
1.756403, 0.445148 
1.876403, 0.401520 
1.158003, 0.520064 
1.656003, 0.491330 
1.896203, 0.392699 
1.516603, 0.568622 
1.457603, 0.595963 
1.855803, 0.406051 
1.098003, 0.499053 
1.557403, 0.555197 
1.696203, 0.479790 
1.197003, 0.536872 
1.996803, 0.356891 
1.316803, 0.601669 
1.377803, 0.620004 
1.975803, 0.365458 
1.237003, 0.565698 
1.177003, 0.521362 
1.497603, 0.591253 
1.776003, 0.436590 
1.077203, 0.481123 
1.417603, 0.619153 
1.336803, 0.609821 
1.017603, 0.467154 
1.576803, 0.548742 
1.137603, 0.508410 
1.796003, 0.435919 
1.677003, 0.484632 
1.217003, 0.550792 
1.476803, 0.592288 
1.817003, 0.421277 
1.117803, 0.504365 
1.637003, 0.509448 
1.737203, 0.454998 
1.357203, 0.619104 
1.536403, 0.555732 
1.057203, 0.474524 
1.277003, 0.587326 
1.436803, 0.606564 
1.836003, 0.414552 
1.716603, 0.460409 
1.916403, 0.379760 
1.957003, 0.370260 
1.616403, 0.520836 
1.596603, 0.525300 
1.936403, 0.375592 
1.257003, 0.571034 
1.397403, 0.616651 
1.756603, 0.446882 
1.158203, 0.511517 
1.297003, 0.599523 
1.876603, 0.397236 
1.896403, 0.394256 
1.098203, 0.493320 
1.656203, 0.493922 
1.516803, 0.572344 
1.457803, 0.606414 
1.557603, 0.551412 
1.378003, 0.605799 
1.856003, 0.406629 
1.197203, 0.537990 
1.997003, 0.356008 
1.696403, 0.473860 
1.497803, 0.591166 
1.317003, 0.612580 
1.177203, 0.538233 
1.237203, 0.565082 
1.137803, 0.504429 
1.417803, 0.607545 
1.577003, 0.544904 
1.077403, 0.487318 
1.976003, 0.361864 
1.337003, 0.608334 
1.017803, 0.490486 
1.776203, 0.441216 
1.677203, 0.483239 
1.217203, 0.550624 
1.817203, 0.423735 
1.057403, 0.464508 
1.796203, 0.424754 
1.637203, 0.501070 
1.357403, 0.613801 
1.118003, 0.494976 
1.737403, 0.458812 
1.477003, 0.587874 
1.536603, 0.557436 
1.716803, 0.458520 
1.277203, 0.589307 
1.957203, 0.367900 
1.437003, 0.609441 
1.916603, 0.384612 
1.936603, 0.374856 
1.836203, 0.410209 
1.756803, 0.444449 
1.257203, 0.571848 
1.596803, 0.524956 
1.397603, 0.619323 
1.616603, 0.515698 
1.297203, 0.600331 
1.896603, 0.393190 
1.458003, 0.602326 
1.557803, 0.547822 
1.517003, 0.571866 
1.876803, 0.398809 
1.656403, 0.495203 
1.378203, 0.632434 
1.696603, 0.471220 
1.498003, 0.574573 
1.317203, 0.608210 
1.138003, 0.504029 
1.997203, 0.358234 
1.197403, 0.538861 
1.418003, 0.614111 
1.856203, 0.407101 
1.177403, 0.524731 
1.237403, 0.564072 
1.577203, 0.533980 
1.057603, 0.477860 
1.018003, 0.509834 
1.077603, 0.483667 
1.337203, 0.615343 
1.677403, 0.482791 
1.776403, 0.439097 
1.357603, 0.620113 
1.976203, 0.363034 
1.737603, 0.458025 
1.817403, 0.422967 
1.217403, 0.544959 
1.637403, 0.506970 
1.118203, 0.488488 
1.796403, 0.429723 
1.717003, 0.460355 
1.477203, 0.588196 
1.957403, 0.372004 
1.536803, 0.559335 
1.277403, 0.586423 
1.437203, 0.609733 
1.936803, 0.380029 
1.757003, 0.449554 
1.836403, 0.417117 
1.916803, 0.384612 
1.397803, 0.612448 
1.597003, 0.527692 
1.297403, 0.599714 
1.257403, 0.578885 
1.458203, 0.594128 
1.896803, 0.394591 
1.616803, 0.513129 
1.558003, 0.552484 
1.517203, 0.569529 
1.498203, 0.581799 
1.696803, 0.476818 
1.317403, 0.602244 
1.138203, 0.512500 
1.997403, 0.355274 
1.877003, 0.394663 
1.656603, 0.497587 
1.418203, 0.611806 
1.197603, 0.543605 
1.577403, 0.533365 
1.057803, 0.463718 
1.677603, 0.481449 
1.237603, 0.561979 
1.177603, 0.530628 
1.357803, 0.621203 
1.077803, 0.482904 
1.856403, 0.404532 
1.018203, 0.479436 
1.737803, 0.451659 
1.337403, 0.617891 
1.637603, 0.504412 
1.817603, 0.421124 
1.217603, 0.555766 
1.717203, 0.466738 
1.776603, 0.440651 
1.976403, 0.368113 
1.957603, 0.368672 
1.937003, 0.378903 
1.796603, 0.429676 
1.537003, 0.562200 
1.477403, 0.591896 
1.757203, 0.445010 
1.277603, 0.597616 
1.437403, 0.610759 
1.558203, 0.549302 
1.897003, 0.391836 
1.697003, 0.473889 
1.398003, 0.616000 
1.917003, 0.386270 
1.317603, 0.601163 
1.257603, 0.581813 
1.297603, 0.598887 
1.597203, 0.528526 
1.517403, 0.570727 
1.836603, 0.412859 
1.617003, 0.519008 
1.997603, 0.355445 
1.577603, 0.541977 
1.058003, 0.466357 
1.656803, 0.493640 
1.677803, 0.482098 
1.877203, 0.396778 
1.197803, 0.541567 
1.358003, 0.609623 
1.337603, 0.610712 
1.738003, 0.454177 
1.637803, 0.503020 
1.237803, 0.558121 
1.177803, 0.524994 
1.078003, 0.476652 
1.817803, 0.421201 
1.856603, 0.405128 
1.717403, 0.465558 
1.957803, 0.368334 
1.217803, 0.544490 
1.937203, 0.377764 
1.537203, 0.570572 
1.757403, 0.447689 
1.776803, 0.433489 
1.976603, 0.365154 
1.796803, 0.430461 
1.477603, 0.592277 
1.277803, 0.587847 
1.697203, 0.474882 
1.437603, 0.611942 
1.317803, 0.605581 
1.897203, 0.388222 
1.257803, 0.575055 
1.517603, 0.571065 
1.398203, 0.618839 
1.297803, 0.605817 
1.597403, 0.522564 
1.058203, 0.469649 
1.917203, 0.381212 
1.997803, 0.356426 
1.836803, 0.414302 
1.577803, 0.533406 
1.198003, 0.531015 
1.617203, 0.512728 
1.678003, 0.487956 
1.337803, 0.609450 
1.358203, 0.614951 
1.657003, 0.496235 
1.738203, 0.456960 
1.638003, 0.511394 
1.877403, 0.399293 
1.818003, 0.419760 
1.717603, 0.467735 
1.078203, 0.473483 
1.178003, 0.532222 
1.238003, 0.560116 
1.958003, 0.370653 
1.856803, 0.408766 
1.937403, 0.375558 
1.537403, 0.558451 
1.757603, 0.446309 
1.218003, 0.550155 
1.777003, 0.437177 
1.697403, 0.476002 
1.318003, 0.605736 
1.477803, 0.585057 
1.797003, 0.427689 
1.278003, 0.594908 
1.897403, 0.391674 
1.976803, 0.363870 
1.517803, 0.571020 
1.437803, 0.601669 
1.298003, 0.591077 
1.258003, 0.565695 
1.998003, 0.354870 
1.578003, 0.537810 
1.198203, 0.543394 
1.917403, 0.385686 
1.597603, 0.526149 
1.678203, 0.484277 
1.338003, 0.610558 
1.617403, 0.513102 
1.837003, 0.413669 
1.537603, 0.558842 
1.638203, 0.498766 
1.818203, 0.421457 
1.717803, 0.465146 
1.657203, 0.486126 
1.958203, 0.365934 
1.178203, 0.525686 
1.877603, 0.397089 
1.238203, 0.557250 
1.937603, 0.376100 
1.757803, 0.445441 
1.857003, 0.403608 
1.897603, 0.388172 
1.697603, 0.475223 
1.318203, 0.608874 
1.218203, 0.555893 
1.578203, 0.536882 
1.298203, 0.593167 
1.777203, 0.438435 
1.438003, 0.609329 
1.518003, 0.570227 
1.278203, 0.592335 
1.917603, 0.381219 
1.998203, 0.358044 
1.478003, 0.597418 
1.797203, 0.430956 
1.977003, 0.364638 
1.258203, 0.578011 
1.338203, 0.617634 
1.537803, 0.567881 
1.597803, 0.525073 
1.718003, 0.467785 
1.617603, 0.514977 
1.837203, 0.414243 
1.657403, 0.490325 
1.937803, 0.377009 
1.758003, 0.443951 
1.877803, 0.397918 
1.697803, 0.473518 
1.917803, 0.380728 
1.897803, 0.389247 
1.857203, 0.404016 
1.518203, 0.566878 
1.438203, 0.610492 
1.777403, 0.434307 
1.598003, 0.526735 
1.478203, 0.587092 
1.797403, 0.429888 
1.977203, 0.365734 
1.538003, 0.556646 
1.718203, 0.465542 
1.617803, 0.520361 
1.837403, 0.415720 
1.938003, 0.376547 
1.918003, 0.386687 
1.758203, 0.447776 
1.657603, 0.500740 
1.698003, 0.466175 
1.898003, 0.390377 
1.857403, 0.404684 
1.878003, 0.396317 
1.598203, 0.526026 
1.538203, 0.563114 
1.777603, 0.440219 
1.797603, 0.430074 
1.977403, 0.366089 
1.618003, 0.517377 
1.837603, 0.410938 
1.938203, 0.377748 
1.918203, 0.384290 
1.698203, 0.475689 
1.898203, 0.390033 
1.657803, 0.491015 
1.857603, 0.407292 
1.878203, 0.394895 
1.797803, 0.431206 
1.777803, 0.435259 
1.618203, 0.513964 
1.837803, 0.415457 
1.977603, 0.363478 
1.857803, 0.404261 
1.658003, 0.493089 
1.798003, 0.431402 
1.778003, 0.434261 
1.838003, 0.410952 
1.977803, 0.367417 
1.858003, 0.405317 
1.658203, 0.491651 
1.798203, 0.430086 
1.778203, 0.436039 
1.838203, 0.412256 
1.978003, 0.360788 
1.858203, 0.408159 
1.978203, 0.362134 
