1.740000, 1.286426 
1.640000, 1.133052 
1.540000, 0.604900 
1.600000, 0.881519 
1.560000, 1.171141 
1.500000, 0.979500 
1.700000, 1.215397 
1.680000, 1.304875 
1.520000, 0.565901 
1.580000, 0.798815 
1.820000, 1.221766 
1.720000, 1.186228 
1.620000, 1.021297 
1.900000, 1.056967 
1.940000, 0.958374 
1.840000, 1.202075 
1.920000, 1.010979 
1.760000, 1.272095 
1.860000, 1.166655 
2.180000, 0.549428 
2.220000, 0.519259 
1.780000, 1.302566 
1.800000, 1.256554 
2.120000, 0.620513 
1.880000, 1.104686 
1.960000, 0.921549 
1.980000, 0.866423 
2.020000, 0.784662 
1.660000, 1.232576 
2.080000, 0.679297 
2.200000, 0.536436 
2.160000, 0.575963 
2.100000, 0.653395 
2.000000, 0.828843 
2.360000, 0.421110 
2.240000, 0.505125 
2.040000, 0.750419 
2.300000, 0.459796 
2.060000, 0.707318 
2.440000, 0.379963 
2.260000, 0.486728 
2.340000, 0.434788 
2.280000, 0.473862 
2.320000, 0.446878 
2.140000, 0.596651 
2.480000, 0.362100 
2.460000, 0.365749 
2.380000, 0.407174 
2.420000, 0.387547 
2.400000, 0.399035 
1.740200, 1.262547 
1.700200, 1.281731 
1.540200, 0.604019 
1.640200, 0.988196 
1.600200, 0.875965 
1.560200, 1.036621 
1.720200, 1.261160 
1.680200, 1.260663 
1.500200, 0.542432 
1.520200, 0.570297 
1.820200, 1.223309 
1.620200, 0.951795 
1.800200, 1.279417 
1.580200, 0.914506 
1.760200, 1.300920 
1.900200, 1.062446 
1.940200, 0.961009 
2.180200, 0.555253 
1.840200, 1.237800 
2.080200, 0.675161 
1.920200, 1.006670 
1.860200, 1.158588 
2.000200, 0.819918 
2.120200, 0.624700 
2.040200, 0.742466 
2.440200, 0.374356 
1.660200, 1.279272 
2.020200, 0.782048 
1.880200, 1.116643 
2.220200, 0.518149 
2.160200, 0.584560 
1.960200, 0.910801 
2.200200, 0.543400 
2.060200, 0.704806 
1.980200, 0.854367 
2.340200, 0.433624 
1.780200, 1.310038 
2.300200, 0.460998 
2.240200, 0.505496 
2.100200, 0.649176 
2.460200, 0.369187 
2.400200, 0.398629 
2.320200, 0.449851 
2.260200, 0.485263 
2.280200, 0.473642 
2.480200, 0.359496 
2.360200, 0.423364 
2.380200, 0.411980 
2.140200, 0.599800 
2.420200, 0.390693 
1.700400, 1.309903 
1.740400, 1.274622 
1.540400, 0.613442 
1.600400, 1.221297 
1.640400, 1.114115 
1.800400, 1.263709 
1.560400, 0.647739 
1.720400, 1.213267 
1.680400, 1.232129 
1.520400, 0.857070 
1.500400, 1.042318 
1.620400, 0.945691 
1.760400, 1.296857 
1.820400, 1.220384 
1.580400, 0.824812 
1.940400, 0.962082 
2.440400, 0.376141 
2.080400, 0.681176 
1.660400, 1.277437 
1.900400, 1.054803 
2.000400, 0.805560 
1.920400, 1.000268 
1.840400, 1.213039 
2.340400, 0.434992 
1.880400, 1.118294 
2.040400, 0.743598 
1.860400, 1.163112 
1.980400, 0.861673 
2.180400, 0.556108 
2.220400, 0.519831 
2.200400, 0.533844 
1.780400, 1.297703 
1.960400, 0.905706 
2.100400, 0.643412 
2.120400, 0.622571 
2.060400, 0.709667 
2.020400, 0.783587 
2.400400, 0.398593 
2.160400, 0.575523 
2.320400, 0.445933 
2.460400, 0.367619 
2.300400, 0.456693 
2.240400, 0.502170 
2.280400, 0.473178 
2.260400, 0.490617 
2.360400, 0.423266 
2.380400, 0.412010 
2.480400, 0.357427 
2.140400, 0.600320 
2.420400, 0.387863 
1.540600, 0.610311 
1.600600, 1.000288 
1.700600, 1.214847 
1.740600, 1.283251 
1.640600, 1.158411 
1.560600, 0.649282 
1.800600, 1.231624 
1.680600, 1.258947 
1.720600, 1.262818 
1.620600, 0.954362 
1.940600, 0.950850 
1.760600, 1.280522 
1.500600, 0.546158 
1.580600, 0.701422 
1.520600, 1.066180 
1.820600, 1.247005 
1.660600, 1.285164 
2.080600, 0.678321 
2.440600, 0.379800 
2.340600, 0.435820 
1.980600, 0.859244 
1.880600, 1.109388 
1.920600, 1.013821 
2.040600, 0.748811 
2.000600, 0.819592 
1.840600, 1.195926 
1.900600, 1.081580 
1.780600, 1.245925 
2.180600, 0.555820 
1.960600, 0.922963 
2.020600, 0.780966 
1.860600, 1.168460 
2.220600, 0.510554 
2.200600, 0.535597 
2.060600, 0.702702 
2.100600, 0.650182 
2.280600, 0.467823 
2.120600, 0.621085 
2.460600, 0.369379 
2.240600, 0.499954 
2.300600, 0.455990 
2.160600, 0.574568 
2.400600, 0.400555 
2.320600, 0.445664 
2.260600, 0.480373 
2.480600, 0.359685 
2.420600, 0.387339 
2.380600, 0.406897 
2.360600, 0.418236 
2.140600, 0.600449 
1.540800, 0.614457 
1.600800, 0.821574 
1.640800, 1.184437 
1.700800, 1.204470 
1.740800, 1.291582 
1.800800, 1.274734 
1.680800, 1.207779 
1.720800, 1.205970 
1.560800, 1.068913 
1.620800, 0.851323 
1.520800, 0.576547 
1.760800, 1.308932 
1.940800, 0.953445 
1.500800, 0.699920 
1.580800, 0.728129 
1.820800, 1.234716 
1.660800, 1.209499 
2.080800, 0.675511 
1.980800, 0.859417 
2.440800, 0.376704 
2.340800, 0.430921 
1.920800, 1.013014 
2.040800, 0.744902 
1.840800, 1.193726 
1.780800, 1.283298 
1.900800, 1.060398 
1.860800, 1.169282 
1.880800, 1.133581 
1.960800, 0.911037 
2.000800, 0.831764 
2.220800, 0.520961 
2.180800, 0.555516 
2.100800, 0.647988 
2.200800, 0.535514 
2.360800, 0.416834 
2.020800, 0.775705 
2.260800, 0.483215 
2.420800, 0.387178 
2.120800, 0.623471 
2.060800, 0.703112 
2.460800, 0.368911 
2.160800, 0.576268 
2.280800, 0.468303 
2.400800, 0.398498 
2.300800, 0.458458 
2.380800, 0.409368 
1.541000, 0.611103 
2.240800, 0.501813 
2.320800, 0.441300 
2.480800, 0.359511 
1.601000, 0.822216 
1.701000, 1.202955 
1.641000, 1.127816 
2.140800, 0.597202 
1.741000, 1.268856 
1.681000, 1.230367 
1.721000, 1.229394 
1.801000, 1.251551 
1.561000, 0.677704 
1.501000, 0.535706 
1.521000, 0.572931 
1.621000, 0.905264 
2.081000, 0.675830 
1.581000, 0.696137 
1.761000, 1.254826 
1.941000, 0.971964 
1.821000, 1.223752 
1.661000, 1.209302 
1.981000, 0.869756 
2.341000, 0.429700 
2.441000, 0.380751 
1.781000, 1.264692 
1.901000, 1.064165 
2.041000, 0.744220 
1.921000, 0.998944 
1.841000, 1.202368 
1.961000, 0.899963 
1.881000, 1.131690 
2.101000, 0.647957 
1.861000, 1.172202 
2.181000, 0.557139 
2.001000, 0.815723 
1.541200, 0.608332 
2.221000, 0.517962 
2.021000, 0.771879 
2.421000, 0.388814 
2.261000, 0.483545 
2.361000, 0.418907 
2.121000, 0.621751 
2.201000, 0.537037 
2.461000, 0.363850 
1.601200, 0.857212 
2.401000, 0.396649 
2.061000, 0.715562 
2.161000, 0.577283 
1.701200, 1.190001 
2.241000, 0.503791 
2.281000, 0.472355 
1.641200, 1.222102 
2.301000, 0.455634 
2.481000, 0.356841 
2.321000, 0.442359 
2.381000, 0.406491 
1.721200, 1.221144 
1.681200, 1.254880 
1.741200, 1.256344 
1.801200, 1.275784 
2.141000, 0.594177 
1.561200, 0.663155 
1.501200, 1.130222 
1.521200, 1.126113 
1.621200, 0.914254 
2.081200, 0.678638 
1.581200, 0.826789 
1.941200, 0.957348 
1.761200, 1.266163 
1.821200, 1.221356 
1.981200, 0.867684 
1.661200, 1.288917 
2.341200, 0.431091 
2.441200, 0.380731 
1.781200, 1.270712 
2.041200, 0.741169 
1.541400, 1.091163 
1.901200, 1.063350 
1.861200, 1.149980 
1.961200, 0.921106 
1.921200, 1.015407 
1.841200, 1.189718 
2.101200, 0.652441 
1.881200, 1.128863 
2.021200, 0.776016 
2.181200, 0.557548 
1.701400, 1.263653 
1.601400, 0.812162 
2.001200, 0.814787 
2.261200, 0.491982 
2.121200, 0.620527 
2.221200, 0.518704 
1.641400, 1.137457 
2.201200, 0.532172 
2.421200, 0.385586 
2.161200, 0.573191 
2.461200, 0.369681 
1.721400, 1.267529 
2.401200, 0.399153 
2.061200, 0.700994 
1.741400, 1.253124 
2.361200, 0.421417 
1.681400, 1.248812 
2.281200, 0.474310 
2.301200, 0.456250 
1.801400, 1.269179 
2.241200, 0.499948 
2.381200, 0.411574 
2.321200, 0.438579 
2.481200, 0.359728 
1.561400, 1.195153 
2.141200, 0.599932 
1.501400, 0.533988 
1.581400, 0.710211 
1.521400, 0.576510 
1.621400, 1.063250 
1.941400, 0.958139 
2.081400, 0.686262 
1.981400, 0.853957 
1.761400, 1.278450 
1.821400, 1.229976 
1.541600, 1.082536 
1.661400, 1.232498 
2.341400, 0.430254 
1.781400, 1.281394 
2.441400, 0.376662 
1.861400, 1.172550 
1.961400, 0.909295 
1.901400, 1.062862 
2.041400, 0.744793 
1.921400, 1.019524 
1.601600, 1.085095 
1.701600, 1.203680 
1.881400, 1.111957 
2.181400, 0.547770 
2.021400, 0.775710 
1.841400, 1.193471 
2.101400, 0.643160 
1.641600, 1.111812 
2.121400, 0.618383 
2.221400, 0.521933 
2.201400, 0.539742 
2.001400, 0.816302 
1.721600, 1.265703 
2.261400, 0.491396 
1.741600, 1.263667 
2.401400, 0.395655 
1.681600, 1.332048 
2.161400, 0.571544 
1.801600, 1.230182 
2.421400, 0.386505 
2.461400, 0.367675 
2.061400, 0.704322 
2.281400, 0.471574 
2.381400, 0.405732 
2.361400, 0.421163 
2.301400, 0.451608 
1.501600, 0.539030 
2.241400, 0.500242 
1.561600, 0.643927 
2.321400, 0.443849 
2.481400, 0.359968 
2.141400, 0.597398 
1.621600, 1.008117 
1.581600, 0.755471 
1.521600, 0.574942 
1.981600, 0.859462 
1.941600, 0.961461 
2.081600, 0.683974 
1.541800, 0.608487 
1.821600, 1.221264 
1.761600, 1.285411 
1.661600, 1.253523 
1.781600, 1.270328 
1.861600, 1.168888 
1.901600, 1.068397 
2.341600, 0.434476 
2.441600, 0.376815 
1.961600, 0.911958 
1.701800, 1.304226 
2.041600, 0.736304 
1.601800, 0.750022 
2.181600, 0.560759 
1.841600, 1.194624 
1.921600, 1.002613 
2.021600, 0.784492 
1.881600, 1.109936 
1.641800, 1.090958 
1.681800, 1.244187 
2.101600, 0.638884 
1.721800, 1.301165 
1.741800, 1.312319 
2.201600, 0.531636 
1.801800, 1.267761 
2.221600, 0.516130 
1.501800, 0.746746 
2.261600, 0.481995 
2.001600, 0.820511 
2.121600, 0.621136 
2.421600, 0.387242 
2.401600, 0.400111 
1.561800, 0.837978 
2.361600, 0.416634 
2.161600, 0.576387 
2.061600, 0.700321 
2.301600, 0.460633 
2.381600, 0.410059 
2.321600, 0.444679 
2.281600, 0.468933 
2.461600, 0.370268 
1.621800, 1.024431 
2.241600, 0.504265 
1.521800, 0.569916 
1.581800, 0.721467 
2.481600, 0.359214 
1.981800, 0.854957 
1.542000, 0.619461 
2.141600, 0.593660 
1.941800, 0.947056 
2.081800, 0.670508 
1.821800, 1.234824 
1.901800, 1.049290 
1.781800, 1.259104 
1.761800, 1.255203 
1.861800, 1.158529 
1.661800, 1.226157 
2.341800, 0.432588 
1.602000, 1.036774 
1.702000, 1.169940 
2.441800, 0.377247 
1.961800, 0.907941 
2.041800, 0.734328 
1.881800, 1.121167 
1.841800, 1.195122 
1.642000, 1.142114 
1.682000, 1.303141 
1.921800, 1.020998 
2.181800, 0.558437 
1.742000, 1.300484 
1.722000, 1.257136 
2.021800, 0.789597 
2.201800, 0.531233 
1.802000, 1.242944 
1.502000, 0.545430 
2.101800, 0.641658 
2.001800, 0.819295 
1.562000, 1.075122 
2.221800, 0.518700 
2.261800, 0.487480 
2.361800, 0.419450 
2.421800, 0.389114 
2.121800, 0.623135 
2.401800, 0.397579 
2.381800, 0.405737 
2.321800, 0.443397 
2.161800, 0.572090 
2.061800, 0.704630 
1.522000, 0.570191 
2.301800, 0.456756 
1.622000, 0.865883 
2.281800, 0.474322 
1.582000, 1.014782 
2.461800, 0.372160 
2.241800, 0.498447 
1.542200, 0.743442 
1.942000, 0.962466 
2.481800, 0.357332 
1.982000, 0.859863 
1.902000, 1.044412 
1.822000, 1.228061 
1.782000, 1.281279 
2.082000, 0.671655 
2.141800, 0.601295 
1.662000, 1.246994 
1.762000, 1.256721 
1.862000, 1.151012 
1.702200, 1.261854 
1.602200, 1.116231 
2.342000, 0.432953 
1.882000, 1.117108 
1.962000, 0.906759 
1.842000, 1.198852 
2.442000, 0.382095 
1.682200, 1.286396 
1.642200, 1.191015 
2.042000, 0.737808 
1.922000, 1.005170 
1.742200, 1.256931 
2.182000, 0.556365 
1.722200, 1.248311 
2.022000, 0.777057 
1.802200, 1.251781 
1.502200, 0.536810 
1.562200, 0.653935 
2.202000, 0.538321 
2.102000, 0.647661 
2.002000, 0.822974 
2.362000, 0.418852 
2.262000, 0.483845 
1.582200, 0.776967 
2.222000, 0.523411 
2.382000, 0.407031 
1.622200, 0.825668 
1.522200, 0.872038 
2.162000, 0.575194 
2.322000, 0.447796 
2.422000, 0.388053 
2.122000, 0.627636 
2.062000, 0.707457 
2.402000, 0.397211 
2.302000, 0.454054 
2.282000, 0.469815 
2.242000, 0.503429 
2.462000, 0.368324 
1.542400, 0.980604 
1.902200, 1.085709 
1.822200, 1.223152 
1.782200, 1.266267 
1.942200, 0.953945 
1.982200, 0.863044 
2.482000, 0.361458 
2.082200, 0.668544 
1.862200, 1.144665 
1.662200, 1.266750 
1.762200, 1.254494 
2.142000, 0.588995 
1.602400, 0.953090 
1.702400, 1.254978 
1.882200, 1.100584 
1.682400, 1.228923 
1.842200, 1.195938 
1.642400, 1.183723 
1.922200, 1.001545 
1.962200, 0.904115 
2.042200, 0.748629 
2.342200, 0.433246 
2.442200, 0.375815 
1.502400, 0.538830 
1.742400, 1.272834 
1.722400, 1.251333 
2.102200, 0.646760 
2.182200, 0.556905 
1.562400, 0.903483 
2.202200, 0.537634 
1.802400, 1.261612 
2.022200, 0.776154 
1.582400, 0.927830 
2.002200, 0.812806 
1.622400, 1.083130 
2.262200, 0.487685 
2.222200, 0.519969 
2.362200, 0.420145 
1.522400, 0.573299 
2.382200, 0.406921 
2.322200, 0.443835 
2.122200, 0.615697 
2.162200, 0.572834 
2.242200, 0.496264 
2.302200, 0.457162 
2.422200, 0.387045 
2.282200, 0.469291 
2.062200, 0.710132 
2.402200, 0.400660 
2.462200, 0.366087 
1.822400, 1.229099 
1.542600, 0.609202 
1.902400, 1.085834 
1.782400, 1.272784 
1.942400, 0.955605 
2.482200, 0.358857 
1.982400, 0.855052 
1.662400, 1.216751 
1.762400, 1.266153 
1.602600, 0.995340 
1.882400, 1.095990 
1.862400, 1.134819 
1.702600, 1.256122 
2.082400, 0.678640 
2.142200, 0.602026 
1.962400, 0.907775 
2.042400, 0.740572 
1.502600, 0.973782 
1.682600, 1.281846 
1.842400, 1.221947 
1.642600, 1.156986 
1.922400, 1.008125 
2.182400, 0.552547 
2.102400, 0.642494 
2.202400, 0.533412 
1.562600, 1.189162 
1.582600, 1.184026 
1.742600, 1.284991 
1.722600, 1.292143 
2.342400, 0.431090 
1.802600, 1.268194 
2.022400, 0.774145 
2.442400, 0.379748 
1.622600, 0.984053 
2.262400, 0.487942 
2.222400, 0.519200 
2.002400, 0.811332 
1.522600, 1.079619 
2.362400, 0.422288 
2.322400, 0.442927 
2.162400, 0.568481 
2.122400, 0.617686 
2.382401, 0.404707 
2.302400, 0.460246 
2.242400, 0.495913 
1.822600, 1.228113 
2.282400, 0.471868 
2.402400, 0.399812 
2.062400, 0.699556 
2.422400, 0.392729 
1.542800, 0.614021 
2.462400, 0.364893 
1.902600, 1.060278 
1.782600, 1.286896 
1.662600, 1.240441 
1.982600, 0.857145 
2.482400, 0.363145 
1.942600, 0.954243 
1.762600, 1.286595 
1.882600, 1.119807 
1.602800, 0.804953 
1.862600, 1.163722 
1.702801, 1.208218 
2.042600, 0.734164 
2.082600, 0.681194 
1.502800, 0.546928 
1.962600, 0.903806 
2.142401, 0.593298 
1.682800, 1.205138 
1.922600, 1.014810 
1.642800, 1.188634 
1.842600, 1.190540 
2.202600, 0.534475 
1.582801, 1.175813 
2.102600, 0.639932 
1.562800, 0.661916 
1.742800, 1.283998 
1.722800, 1.287897 
2.182600, 0.554688 
1.622800, 0.898109 
2.342600, 0.431573 
2.222600, 0.511100 
1.802800, 1.271959 
2.262600, 0.482114 
2.022600, 0.775929 
1.522800, 0.573865 
2.362600, 0.417603 
2.322600, 0.445414 
2.002600, 0.813053 
2.162601, 0.579027 
2.442600, 0.379362 
2.122600, 0.614816 
2.382601, 0.407395 
2.242600, 0.496204 
1.822801, 1.221457 
2.302600, 0.457197 
2.282600, 0.472213 
1.543000, 0.703824 
2.402601, 0.397549 
1.902800, 1.063027 
2.462600, 0.368530 
2.062600, 0.697566 
1.662800, 1.244155 
2.422601, 0.385900 
1.762800, 1.331063 
1.782800, 1.267060 
1.882800, 1.109263 
1.503000, 0.541020 
1.942801, 0.962790 
1.982800, 0.866230 
2.482600, 0.357555 
1.603001, 0.881684 
1.962801, 0.901610 
2.042800, 0.734756 
1.703001, 1.253620 
2.082800, 0.675128 
1.862800, 1.152268 
1.583001, 0.722902 
1.922800, 1.007596 
2.142601, 0.596647 
1.643000, 1.184592 
1.683000, 1.224211 
2.202801, 0.539462 
1.842800, 1.205104 
1.563000, 0.898085 
2.102800, 0.648618 
2.182801, 0.552805 
1.743001, 1.276213 
1.723001, 1.268306 
1.623001, 0.862514 
2.222800, 0.514389 
1.523000, 1.136834 
1.803000, 1.250671 
2.362800, 0.416392 
2.262800, 0.483113 
2.342800, 0.429387 
2.162801, 0.571327 
2.022800, 0.767871 
2.322800, 0.438277 
1.823001, 1.218245 
2.122800, 0.622309 
2.002800, 0.816809 
2.382801, 0.410445 
2.442801, 0.378881 
2.242800, 0.501181 
2.282800, 0.469577 
2.302800, 0.461252 
1.903000, 1.043888 
1.543200, 0.616890 
2.402801, 0.401482 
1.663000, 1.248005 
2.462801, 0.368973 
1.503201, 0.547083 
1.763000, 1.265303 
1.883000, 1.098833 
2.062800, 0.703594 
1.783000, 1.279213 
2.422801, 0.386273 
2.482800, 0.359755 
1.603201, 0.775372 
1.943001, 0.960625 
1.963001, 0.911955 
1.983001, 0.870949 
1.703201, 1.261654 
1.583201, 1.092105 
2.043000, 0.744246 
1.863001, 1.147474 
1.923000, 1.010877 
2.203001, 0.532294 
2.083000, 0.673193 
2.142801, 0.593062 
1.643201, 1.174551 
1.683200, 1.270070 
2.103000, 0.640885 
1.563200, 0.827585 
1.843001, 1.175767 
2.183001, 0.554290 
1.743201, 1.248715 
2.223001, 0.515723 
1.723201, 1.254641 
1.623201, 1.064306 
2.163001, 0.573265 
1.523201, 0.852771 
1.803200, 1.237444 
2.363000, 0.423723 
1.823201, 1.219918 
2.323000, 0.442290 
2.263000, 0.484521 
1.903201, 1.053928 
2.283000, 0.468973 
2.123000, 0.624292 
2.243001, 0.493331 
2.343000, 0.432588 
2.023000, 0.775154 
2.003000, 0.814209 
1.763201, 1.275332 
2.303000, 0.457626 
1.503401, 0.549100 
2.383001, 0.407364 
1.543401, 0.624430 
1.663200, 1.235461 
2.443001, 0.377090 
2.403001, 0.397179 
1.883201, 1.119264 
2.463001, 0.368654 
1.963201, 0.902473 
2.483001, 0.359053 
2.063000, 0.703188 
1.923200, 0.989527 
2.043200, 0.736099 
1.783201, 1.278145 
1.603401, 1.279624 
1.583401, 0.759560 
2.423001, 0.389456 
2.203201, 0.540538 
1.703401, 1.274501 
1.983201, 0.857600 
1.943201, 0.949661 
2.103200, 0.642304 
1.863201, 1.153077 
2.143001, 0.598075 
2.083200, 0.670105 
1.643401, 1.139030 
1.683401, 1.253066 
2.223201, 0.516748 
1.563401, 0.733719 
2.163201, 0.571345 
1.843201, 1.184425 
1.823401, 1.216286 
1.743401, 1.290446 
2.183201, 0.553865 
1.623401, 0.955984 
1.723401, 1.220449 
1.523401, 0.576082 
2.363200, 0.418752 
2.323200, 0.440231 
2.283201, 0.472533 
1.903401, 1.065848 
1.503601, 1.090589 
2.123200, 0.625919 
1.803401, 1.252942 
1.763401, 1.280276 
2.243201, 0.500778 
1.663401, 1.230101 
2.303200, 0.456458 
2.263201, 0.481918 
1.883401, 1.101482 
2.003201, 0.827548 
1.543601, 0.684207 
2.403201, 0.394966 
2.023201, 0.781628 
2.343200, 0.432995 
2.463201, 0.366009 
2.383201, 0.407779 
2.443201, 0.376229 
1.963401, 0.897685 
1.923401, 1.015300 
2.043401, 0.747389 
2.483201, 0.357350 
1.603601, 0.836764 
2.063200, 0.712190 
2.203401, 0.534838 
1.783401, 1.267445 
2.103400, 0.646908 
1.583601, 0.762560 
2.143201, 0.593934 
1.703601, 1.229378 
1.943401, 0.959061 
1.643601, 1.156310 
1.863401, 1.169253 
1.983401, 0.856462 
2.423201, 0.387888 
2.223401, 0.517762 
2.083400, 0.674658 
1.683601, 1.245188 
1.823601, 1.222563 
1.563601, 0.657192 
2.163401, 0.578354 
1.503801, 0.547503 
1.763601, 1.258070 
2.283401, 0.465924 
1.843401, 1.192409 
2.323400, 0.442264 
1.903601, 1.069907 
1.743601, 1.286599 
1.623601, 0.962161 
1.663601, 1.234505 
1.523601, 0.578037 
1.723601, 1.214632 
2.183401, 0.553765 
2.363400, 0.422441 
2.123400, 0.624017 
2.243401, 0.497101 
2.303401, 0.452320 
1.803601, 1.254219 
1.883601, 1.112504 
2.403401, 0.395844 
1.543801, 0.612627 
2.463401, 0.369058 
2.003401, 0.807657 
1.963601, 0.903680 
2.043601, 0.738576 
1.923601, 1.003359 
2.263401, 0.485036 
2.023401, 0.784324 
2.343400, 0.427983 
2.483401, 0.361984 
2.383401, 0.406238 
2.443401, 0.378506 
1.643801, 1.133197 
2.203601, 0.527828 
1.603801, 0.897920 
2.103601, 0.642954 
2.063401, 0.712683 
2.143401, 0.590981 
1.583801, 0.818095 
1.783601, 1.268517 
2.223601, 0.517584 
1.823801, 1.215972 
1.703801, 1.213818 
1.504001, 0.981471 
1.863601, 1.148186 
1.943601, 0.955415 
1.763801, 1.265097 
1.683801, 1.243685 
1.983601, 0.850149 
1.663801, 1.244847 
2.163601, 0.572073 
2.423401, 0.389983 
1.563801, 0.682191 
1.903801, 1.054795 
2.083601, 0.668698 
2.323601, 0.440900 
2.283601, 0.475507 
1.623801, 1.049936 
2.123600, 0.618524 
2.363600, 0.420533 
1.523801, 0.574725 
2.243601, 0.494806 
1.843601, 1.189590 
1.723801, 1.188096 
1.743801, 1.283146 
2.303601, 0.454365 
1.883801, 1.108943 
2.403601, 0.398427 
2.183601, 0.548878 
1.803801, 1.229945 
1.963801, 0.914291 
2.043801, 0.741331 
1.923801, 1.005521 
1.544001, 0.817555 
2.463601, 0.368889 
2.003601, 0.802424 
2.023601, 0.761826 
1.644001, 1.267367 
2.483601, 0.357155 
2.263601, 0.478283 
2.203801, 0.536142 
2.343601, 0.428766 
1.604001, 1.257038 
2.103801, 0.646005 
2.143601, 0.596347 
1.504201, 0.939662 
2.383601, 0.406839 
1.584001, 0.941895 
2.443601, 0.380563 
1.824001, 1.229681 
1.783801, 1.270460 
2.063601, 0.707785 
2.223801, 0.514008 
1.764001, 1.290648 
1.664001, 1.291302 
1.704001, 1.301572 
2.163801, 0.574412 
1.904001, 1.052803 
1.684001, 1.258250 
1.863801, 1.142034 
1.943801, 0.955746 
1.564001, 1.045812 
2.283801, 0.468692 
1.983801, 0.849330 
2.123801, 0.619108 
2.363801, 0.415872 
1.624001, 0.968710 
2.323801, 0.441084 
2.423601, 0.384229 
2.243801, 0.500884 
2.083801, 0.676037 
1.884001, 1.099760 
1.524001, 0.577663 
2.303801, 0.456458 
1.724001, 1.247950 
1.843801, 1.211023 
2.183801, 0.552595 
1.744001, 1.274221 
2.403801, 0.398332 
1.964001, 0.904692 
2.044001, 0.734349 
1.924001, 0.997054 
1.804001, 1.241666 
1.544201, 0.613656 
1.644201, 1.264233 
2.463801, 0.367675 
1.604201, 0.805117 
1.504401, 0.544588 
2.483801, 0.356261 
2.204001, 0.533901 
2.104001, 0.639969 
2.003801, 0.811763 
2.023801, 0.765368 
2.263801, 0.484120 
2.143801, 0.593898 
1.824201, 1.242526 
1.664201, 1.176506 
1.764201, 1.281711 
2.343801, 0.430861 
2.224001, 0.515050 
1.584201, 0.895784 
2.383801, 0.406477 
1.784001, 1.280003 
2.164001, 0.572490 
1.904201, 1.064373 
2.063801, 0.705560 
1.624201, 1.095603 
2.443801, 0.377550 
1.704201, 1.245501 
2.284001, 0.475151 
1.684201, 1.215758 
2.124001, 0.616219 
2.324001, 0.443938 
2.364001, 0.422131 
1.564201, 1.133487 
1.864001, 1.160487 
1.944001, 0.953231 
1.884201, 1.097949 
1.984001, 0.860484 
2.244001, 0.496295 
1.964201, 0.908472 
2.304001, 0.458855 
1.524201, 0.581702 
2.404001, 0.392754 
2.184001, 0.552050 
2.084001, 0.668235 
1.924201, 1.000757 
1.724201, 1.271764 
2.423801, 0.388207 
2.044201, 0.733682 
1.744201, 1.270628 
1.844001, 1.207000 
1.644401, 1.174443 
1.604401, 0.817159 
1.804201, 1.264917 
2.464001, 0.368471 
1.544401, 1.080209 
1.504601, 0.543078 
2.104201, 0.645514 
2.484001, 0.359456 
2.204201, 0.528525 
1.664401, 1.257894 
2.004001, 0.807838 
1.824401, 1.209612 
2.024001, 0.777912 
1.764401, 1.285861 
2.144001, 0.593915 
2.224201, 0.521980 
1.904401, 1.055359 
1.624401, 1.063643 
2.264001, 0.480877 
2.164201, 0.572352 
1.584401, 0.803984 
2.344001, 0.431427 
1.784201, 1.284022 
2.284201, 0.469506 
2.384001, 0.406526 
2.324201, 0.445960 
1.704401, 1.241508 
2.124201, 0.619715 
2.064001, 0.701603 
2.364201, 0.418373 
1.884401, 1.117680 
1.684401, 1.252159 
1.564401, 0.659885 
1.964401, 0.897711 
2.444001, 0.376830 
1.944201, 0.955452 
2.244201, 0.496686 
2.304201, 0.452312 
2.044401, 0.733551 
1.864201, 1.144467 
2.184201, 0.550440 
1.984201, 0.855451 
1.524401, 0.576623 
1.924401, 1.000086 
2.404201, 0.392898 
1.644601, 1.193930 
1.724401, 1.253683 
1.604601, 0.758496 
1.744401, 1.243990 
2.084201, 0.675625 
1.504801, 0.550424 
1.844201, 1.199683 
2.424001, 0.387294 
2.464201, 0.367850 
1.804401, 1.257620 
2.104401, 0.644990 
1.544601, 0.908156 
2.204401, 0.534188 
1.664601, 1.273229 
2.484201, 0.358278 
1.824601, 1.213712 
1.764601, 1.287681 
1.624601, 0.957392 
2.144201, 0.595267 
1.904601, 1.042494 
2.224401, 0.515606 
2.164401, 0.571419 
2.004201, 0.806580 
2.344201, 0.427141 
2.024201, 0.765837 
1.584601, 0.766030 
2.284401, 0.470032 
2.324401, 0.443280 
2.264201, 0.484829 
1.784401, 1.283661 
2.124401, 0.615019 
1.884601, 1.113646 
2.364401, 0.417785 
1.944401, 0.949953 
2.244401, 0.499170 
1.704601, 1.180405 
1.964601, 0.893993 
1.684601, 1.269856 
2.384201, 0.408019 
2.044601, 0.742495 
1.564601, 0.659638 
2.064201, 0.704269 
2.304401, 0.459689 
1.644801, 1.209926 
1.924601, 0.993627 
2.184401, 0.553859 
1.604801, 0.779039 
1.524601, 0.575178 
2.444201, 0.376886 
1.864401, 1.166286 
2.404401, 0.396839 
1.505001, 0.543993 
1.984401, 0.849925 
1.724601, 1.264106 
1.744601, 1.235619 
2.464401, 0.367730 
2.104601, 0.639932 
1.844401, 1.165187 
2.084401, 0.669969 
1.544801, 0.620678 
2.204601, 0.537117 
1.804601, 1.245048 
2.424201, 0.387350 
1.664801, 1.314347 
1.824801, 1.224344 
1.624801, 1.060859 
1.904801, 1.030523 
1.764801, 1.263115 
2.144401, 0.596553 
2.484401, 0.359740 
2.164601, 0.569947 
2.224601, 0.516167 
2.344401, 0.426956 
2.284601, 0.467618 
2.004401, 0.810313 
2.324601, 0.443363 
1.584801, 0.722146 
2.024401, 0.772451 
2.124601, 0.621490 
1.884801, 1.112323 
1.645001, 1.242897 
2.364601, 0.419269 
1.964801, 0.896102 
1.944601, 0.965047 
2.264401, 0.484222 
1.784601, 1.236142 
1.924801, 0.995251 
2.244601, 0.498663 
1.704801, 1.267701 
2.044801, 0.736978 
1.505201, 0.549607 
2.304601, 0.449854 
1.684801, 1.272503 
1.605001, 1.006979 
1.564801, 0.662872 
2.184601, 0.551027 
2.404601, 0.394215 
1.524801, 0.576408 
2.064401, 0.697907 
2.384401, 0.409213 
1.864601, 1.144614 
2.444401, 0.376813 
1.984601, 0.856061 
2.104801, 0.645062 
1.724801, 1.271950 
2.464601, 0.366342 
1.744801, 1.249470 
1.665001, 1.268381 
1.844601, 1.198545 
1.545001, 0.975424 
1.625001, 1.215306 
2.204801, 0.528915 
1.825001, 1.225432 
2.084601, 0.669313 
1.905001, 1.063916 
1.765001, 1.282895 
1.804801, 1.245568 
2.484601, 0.358927 
2.144601, 0.591565 
2.424401, 0.388076 
2.164801, 0.570814 
2.344601, 0.429881 
2.224801, 0.512733 
2.284801, 0.466838 
1.645201, 1.203834 
2.124801, 0.612965 
1.585001, 0.990266 
2.324801, 0.442505 
1.885001, 1.111201 
2.364801, 0.415985 
1.965001, 0.907367 
2.004601, 0.809973 
1.944801, 0.960792 
1.505401, 0.553241 
2.024601, 0.756984 
2.244801, 0.498019 
1.925001, 1.003184 
1.605201, 0.752190 
2.304801, 0.454595 
2.045001, 0.734270 
1.705001, 1.226209 
2.184801, 0.546870 
1.784801, 1.258631 
1.685001, 1.199559 
1.565001, 0.658394 
2.264601, 0.485696 
2.404801, 0.395891 
1.525001, 1.033212 
2.064601, 0.706138 
2.384601, 0.408322 
2.105001, 0.645998 
1.625201, 0.934398 
1.864801, 1.151877 
1.665201, 1.282989 
1.725001, 1.252850 
2.464801, 0.368382 
1.984801, 0.852885 
2.444601, 0.375666 
1.745001, 1.278957 
1.825201, 1.260838 
1.545201, 0.640005 
2.205001, 0.529633 
1.765201, 1.282417 
1.844801, 1.202468 
1.905201, 1.052103 
2.084801, 0.666285 
1.805001, 1.262764 
2.165001, 0.571183 
2.484801, 0.356770 
2.344801, 0.431850 
2.144801, 0.594807 
1.645401, 1.200650 
2.225001, 0.514496 
2.424601, 0.386914 
2.285001, 0.473638 
1.505601, 0.899407 
1.585201, 0.704315 
1.885201, 1.097019 
2.125001, 0.617104 
2.365001, 0.419026 
2.325001, 0.442579 
1.965201, 0.900740 
1.925201, 1.006400 
1.945001, 0.951756 
1.605401, 0.952178 
2.245001, 0.500961 
2.004801, 0.816240 
2.045201, 0.736643 
2.024801, 0.771933 
2.305001, 0.457351 
2.185001, 0.557005 
1.565201, 0.657951 
1.705201, 1.259198 
1.685201, 1.274846 
1.785001, 1.234318 
2.405001, 0.398122 
1.525201, 0.752675 
2.264801, 0.483990 
1.625401, 0.922841 
2.105201, 0.640708 
1.665401, 1.291038 
1.865001, 1.153773 
2.064801, 0.707267 
1.765401, 1.266726 
1.825401, 1.206287 
2.384801, 0.409788 
1.725201, 1.255399 
1.545401, 0.627658 
1.905401, 1.049610 
1.745201, 1.276448 
2.465001, 0.368538 
1.985001, 0.856501 
2.205201, 0.530957 
2.444801, 0.375615 
1.845001, 1.190703 
1.645601, 1.223897 
2.165201, 0.569923 
2.145001, 0.589152 
2.345001, 0.427505 
1.805201, 1.260607 
2.085001, 0.670539 
1.505801, 1.114862 
2.485001, 0.357459 
2.225201, 0.512809 
2.285201, 0.466035 
2.365201, 0.413302 
1.885401, 1.103437 
1.585401, 0.881361 
2.125201, 0.613068 
2.325201, 0.444854 
2.424801, 0.386606 
1.965401, 0.912182 
1.945201, 0.958505 
1.605601, 0.768309 
1.925401, 1.010338 
2.245201, 0.493687 
2.045401, 0.728235 
2.305201, 0.457447 
2.185201, 0.546166 
1.565401, 0.956838 
2.025001, 0.775853 
1.685401, 1.294261 
2.005001, 0.809414 
1.705401, 1.208905 
2.405201, 0.395405 
1.785201, 1.267539 
1.625601, 1.054469 
1.525401, 0.571955 
2.105401, 0.637958 
1.665601, 1.206865 
2.265001, 0.483465 
1.765601, 1.303827 
1.905601, 1.069153 
1.865201, 1.146377 
1.825601, 1.219017 
2.065001, 0.700038 
1.545601, 0.889502 
2.205401, 0.531720 
1.725401, 1.268731 
2.465201, 0.370101 
1.745401, 1.267633 
1.985201, 0.845598 
1.645801, 1.117308 
2.385001, 0.408352 
1.506001, 0.550576 
2.165401, 0.570133 
1.845201, 1.195752 
2.145201, 0.590260 
2.445001, 0.375257 
2.345201, 0.427589 
1.805401, 1.260511 
2.485201, 0.356280 
2.225401, 0.510784 
1.585601, 0.739171 
1.885601, 1.112665 
2.125401, 0.619090 
2.085201, 0.675827 
1.965601, 0.916081 
1.605801, 0.921105 
2.285401, 0.468233 
1.945401, 0.965939 
2.325401, 0.439676 
2.365401, 0.414259 
1.925601, 0.998382 
2.245401, 0.497686 
2.425001, 0.387394 
2.045601, 0.727471 
2.305401, 0.447661 
1.625801, 0.944970 
1.565601, 0.975901 
2.185401, 0.548364 
1.685601, 1.238348 
1.705601, 1.195795 
2.405401, 0.396111 
1.785401, 1.277795 
2.025201, 0.774193 
1.525601, 1.128977 
2.005201, 0.810037 
2.105601, 0.642930 
1.765801, 1.255521 
1.665801, 1.285900 
1.825801, 1.212305 
1.905801, 1.054460 
1.865401, 1.156740 
2.205601, 0.528731 
2.265201, 0.484461 
1.545801, 0.684792 
1.646001, 1.171510 
2.065201, 0.697512 
1.725601, 1.251411 
1.506201, 1.074487 
2.465401, 0.369451 
1.745601, 1.293115 
1.985401, 0.856808 
2.165601, 0.573516 
1.845401, 1.203339 
1.885801, 1.100773 
2.385201, 0.407401 
2.145401, 0.592463 
1.606001, 0.968777 
2.345401, 0.431764 
1.805601, 1.238912 
2.125601, 0.615548 
1.945601, 0.953310 
2.225601, 0.514911 
1.585801, 0.713995 
2.485401, 0.359952 
1.965801, 0.894024 
2.285601, 0.466993 
2.445201, 0.375078 
2.325601, 0.440786 
2.365601, 0.414421 
2.085401, 0.674648 
1.925801, 1.008022 
2.045801, 0.733266 
2.245601, 0.495876 
1.626001, 1.102331 
1.565801, 0.667436 
2.305601, 0.453011 
2.185601, 0.549449 
2.425201, 0.386450 
1.685801, 1.167176 
1.705801, 1.194579 
1.525801, 0.583557 
2.405601, 0.394714 
1.785601, 1.261810 
2.005401, 0.810080 
1.666001, 1.273082 
1.766001, 1.285145 
2.025401, 0.763742 
1.826001, 1.224001 
1.906001, 1.043865 
2.105801, 0.647314 
1.865601, 1.147715 
1.646201, 1.171201 
2.205801, 0.533045 
1.546001, 0.621912 
1.506401, 0.947687 
1.725801, 1.326990 
2.265401, 0.481306 
2.065401, 0.701745 
1.745801, 1.250914 
2.465601, 0.368169 
1.606201, 0.759171 
1.886001, 1.093098 
1.985601, 0.850039 
2.225801, 0.512210 
2.165801, 0.569032 
2.145601, 0.590452 
1.845601, 1.199870 
1.945801, 0.950679 
2.345601, 0.427778 
1.966001, 0.897139 
2.125801, 0.618654 
1.586001, 0.722190 
1.805801, 1.236084 
2.385401, 0.405647 
2.485601, 0.357168 
2.365801, 0.414333 
2.285801, 0.464402 
1.926001, 0.995445 
2.325801, 0.438434 
2.445401, 0.378090 
2.085601, 0.668707 
2.046001, 0.725124 
1.626201, 1.144320 
2.245801, 0.500209 
1.566001, 0.711751 
2.185801, 0.547617 
2.305801, 0.456420 
1.686001, 1.277896 
1.706001, 1.217860 
1.766201, 1.287427 
1.666201, 1.261892 
1.526001, 0.586118 
2.405801, 0.392619 
2.425401, 0.384983 
1.785801, 1.270166 
1.826201, 1.231841 
2.005601, 0.807986 
2.106001, 0.642687 
1.906201, 1.055644 
1.865801, 1.133408 
2.025601, 0.757236 
1.646401, 1.245851 
2.206001, 0.528937 
1.506601, 0.547661 
1.546201, 1.110645 
1.606401, 0.762644 
1.726001, 1.250878 
1.746001, 1.276850 
2.065601, 0.695230 
2.465801, 0.365856 
1.886201, 1.101424 
2.265601, 0.480191 
1.946001, 0.956071 
2.166001, 0.567198 
2.226001, 0.518962 
1.845801, 1.192074 
1.966201, 0.913332 
1.985801, 0.853906 
2.145801, 0.590522 
2.126001, 0.613105 
2.366001, 0.419805 
2.345801, 0.432180 
1.586201, 1.198364 
2.286001, 0.465104 
1.806001, 1.242206 
1.926201, 0.985580 
2.485801, 0.359985 
1.626401, 1.082145 
2.385601, 0.405994 
2.326001, 0.440576 
2.046201, 0.727092 
2.186001, 0.545802 
2.246001, 0.498228 
2.085801, 0.666371 
2.445601, 0.375114 
1.566201, 1.005566 
1.666401, 1.260469 
1.766401, 1.275837 
1.526201, 0.835267 
2.306001, 0.453147 
1.686201, 1.205488 
1.826401, 1.206512 
2.406001, 0.394919 
1.706201, 1.240443 
1.786001, 1.278676 
1.906401, 1.051067 
2.106201, 0.639901 
2.005801, 0.805458 
1.866001, 1.148969 
1.646601, 1.161008 
2.425601, 0.388679 
2.206201, 0.531762 
2.025801, 0.777643 
1.506801, 0.546042 
1.606601, 0.778041 
1.546401, 0.618465 
1.886401, 1.097197 
1.746201, 1.292787 
1.726201, 1.217738 
1.946201, 0.952448 
1.966401, 0.884237 
2.226201, 0.515928 
2.466001, 0.368288 
2.166201, 0.569612 
2.065801, 0.704443 
2.366201, 0.419364 
2.126201, 0.615778 
1.586401, 1.046820 
1.846001, 1.182121 
1.926401, 1.001620 
2.146001, 0.587413 
2.265801, 0.480274 
2.346001, 0.432197 
1.626601, 1.054925 
2.286201, 0.465264 
1.986001, 0.851377 
2.326201, 0.439645 
2.046401, 0.739066 
2.486001, 0.355722 
1.806201, 1.271401 
1.566401, 0.664354 
2.246201, 0.500274 
2.385801, 0.406078 
2.186201, 0.553303 
1.666601, 1.237188 
1.766601, 1.273636 
2.445801, 0.377682 
2.086001, 0.660510 
1.906601, 1.036341 
1.826601, 1.221800 
2.306201, 0.450132 
1.526401, 0.580504 
2.406201, 0.398524 
1.866201, 1.126670 
2.106401, 0.636056 
1.706401, 1.280465 
1.686401, 1.198789 
1.646801, 1.241904 
1.786201, 1.274060 
2.006001, 0.807866 
2.206401, 0.534477 
1.606801, 0.795127 
1.507001, 0.552060 
1.746401, 1.263127 
2.425801, 0.383848 
2.026001, 0.764690 
1.886601, 1.118388 
1.546601, 0.623320 
1.726401, 1.305478 
1.946401, 0.936418 
1.966601, 0.896012 
2.166401, 0.570596 
1.626801, 1.068136 
2.466201, 0.370060 
1.926601, 1.006314 
2.226401, 0.516077 
2.126401, 0.619064 
1.586601, 0.718513 
2.366401, 0.416856 
2.146201, 0.594335 
2.346201, 0.431428 
2.066001, 0.701411 
1.846201, 1.176863 
2.326401, 0.440245 
2.286401, 0.466316 
2.266001, 0.475963 
1.986201, 0.860519 
2.046601, 0.728491 
2.486201, 0.358304 
1.806401, 1.249920 
1.666801, 1.197419 
1.566601, 0.659914 
2.246401, 0.497320 
2.186401, 0.549072 
1.766801, 1.278715 
1.906801, 1.051989 
1.826801, 1.216661 
2.386001, 0.404414 
2.106601, 0.644762 
1.647001, 1.193964 
1.866401, 1.144955 
2.086201, 0.670897 
1.526601, 0.597881 
2.306401, 0.454248 
2.406401, 0.394339 
2.446001, 0.372558 
1.706601, 1.302762 
1.686601, 1.324810 
1.607001, 1.056599 
1.786401, 1.280181 
1.746601, 1.271193 
2.206601, 0.532224 
2.006201, 0.812347 
1.507201, 0.550650 
1.886801, 1.105249 
1.546801, 1.153356 
2.026201, 0.774727 
1.966801, 0.891203 
2.426001, 0.386857 
1.946601, 0.943208 
1.627001, 0.949052 
1.726601, 1.303415 
1.926801, 1.017896 
2.166601, 0.569391 
2.226601, 0.512804 
2.366601, 0.418848 
2.126601, 0.614251 
1.586801, 0.835875 
2.146401, 0.594479 
2.466401, 0.369100 
2.346401, 0.430643 
2.046801, 0.727939 
1.667001, 1.256313 
2.326601, 0.438893 
1.846401, 1.220415 
2.486401, 0.360688 
2.066201, 0.704044 
2.286601, 0.465251 
1.986401, 0.844898 
1.566801, 0.966588 
1.806601, 1.248812 
2.266201, 0.484004 
1.767001, 1.249084 
1.827001, 1.208911 
1.907001, 1.046871 
1.647201, 1.206763 
2.246601, 0.498200 
1.866601, 1.139239 
2.186601, 0.545469 
2.106801, 0.637258 
2.386201, 0.409698 
1.526801, 0.583832 
2.086401, 0.663082 
1.607201, 0.846389 
2.306601, 0.456726 
1.686801, 1.253849 
2.406601, 0.400638 
1.706801, 1.203579 
1.746801, 1.282919 
2.446201, 0.374907 
1.786601, 1.243799 
1.887001, 1.107606 
2.206801, 0.524663 
1.507401, 1.058844 
2.006401, 0.815557 
1.547001, 0.619070 
1.967001, 0.890359 
1.627201, 0.912796 
1.946801, 0.956144 
2.026401, 0.770332 
2.166801, 0.569522 
1.927001, 1.006420 
1.726801, 1.244304 
2.226801, 0.514500 
2.426201, 0.383936 
1.587001, 0.713724 
2.126801, 0.618916 
2.366801, 0.416846 
2.146601, 0.587208 
2.326801, 0.438249 
2.047001, 0.724147 
2.466601, 0.363548 
1.667201, 1.250270 
2.346601, 0.429610 
2.286801, 0.470500 
1.827201, 1.246156 
2.486601, 0.360511 
1.767201, 1.278525 
1.567001, 0.972646 
1.846601, 1.192177 
1.647401, 1.179069 
2.066401, 0.698639 
1.866801, 1.144252 
1.806801, 1.238475 
2.246801, 0.493923 
1.986601, 0.847850 
1.907201, 1.038948 
2.186801, 0.547010 
2.266401, 0.483363 
1.607401, 0.996193 
2.107001, 0.639864 
1.747001, 1.327164 
1.527001, 0.577339 
2.306801, 0.451040 
2.406801, 0.394071 
1.707001, 1.288115 
1.687001, 1.303342 
2.386401, 0.406301 
2.086601, 0.663407 
1.887201, 1.097691 
2.207001, 0.528030 
1.507601, 0.548534 
1.786801, 1.257532 
2.446401, 0.375233 
1.627401, 1.138022 
1.547201, 1.134970 
1.947001, 0.949579 
1.967201, 0.892978 
1.927201, 0.996570 
2.006601, 0.801615 
2.167001, 0.576919 
1.727001, 1.282758 
2.227001, 0.507840 
2.026601, 0.761165 
2.127001, 0.617039 
1.587201, 0.711086 
2.047201, 0.726178 
2.327001, 0.440574 
1.667401, 1.239092 
2.426401, 0.385823 
2.146801, 0.587666 
2.367001, 0.420182 
1.827401, 1.233173 
2.346801, 0.430555 
2.466801, 0.368728 
2.287001, 0.471263 
1.767401, 1.287098 
1.647601, 1.187579 
1.567201, 1.158494 
1.867001, 1.142014 
2.486801, 0.354745 
1.607601, 0.777699 
1.846801, 1.162770 
2.247001, 0.498956 
2.066601, 0.695362 
1.907401, 1.042568 
1.807001, 1.230719 
1.986801, 0.849092 
2.187001, 0.546816 
1.747201, 1.244257 
1.527201, 0.851052 
2.107201, 0.635686 
2.266601, 0.479359 
2.307001, 0.459920 
2.407001, 0.390112 
1.707201, 1.232207 
1.687201, 1.267202 
1.887401, 1.110737 
2.386601, 0.407676 
1.627601, 0.894509 
1.507801, 0.549677 
2.207201, 0.534331 
2.086801, 0.670561 
1.787001, 1.248560 
1.547401, 1.121662 
1.967401, 0.913074 
2.446601, 0.375440 
1.947201, 0.952559 
1.927401, 0.987734 
2.167201, 0.568154 
1.727201, 1.238571 
2.227201, 0.514665 
2.006801, 0.813791 
1.587401, 1.017767 
2.127201, 0.611914 
2.026801, 0.766873 
1.827601, 1.196295 
2.047401, 0.724282 
1.667601, 1.249832 
1.767601, 1.280170 
2.287201, 0.466030 
1.607801, 0.830195 
2.147001, 0.595703 
1.647801, 1.379249 
2.327201, 0.440203 
2.347001, 0.426913 
1.867201, 1.131453 
2.426601, 0.382607 
2.467001, 0.367815 
1.567401, 0.698591 
2.247201, 0.492299 
2.367201, 0.415420 
2.487001, 0.356390 
1.907601, 1.045653 
1.847001, 1.166999 
1.527401, 0.586301 
1.747401, 1.270463 
2.187201, 0.551580 
2.066801, 0.689174 
1.807201, 1.223877 
2.107401, 0.639993 
1.987001, 0.846023 
2.407201, 0.394203 
1.887601, 1.093819 
1.627801, 0.992021 
1.707401, 1.267936 
2.307201, 0.450734 
2.266801, 0.479486 
1.687401, 1.272838 
1.508001, 1.018186 
2.207401, 0.527375 
2.386801, 0.408158 
1.787201, 1.261387 
1.547601, 0.628671 
1.967601, 0.897617 
2.087001, 0.662373 
1.927601, 0.996916 
1.947401, 0.943854 
2.167401, 0.574201 
1.587601, 1.001715 
2.127401, 0.612093 
2.227401, 0.511720 
2.446801, 0.374339 
1.727401, 1.238997 
1.827801, 1.228363 
2.007001, 0.803214 
1.667801, 1.264960 
1.767801, 1.272812 
1.648001, 1.202820 
2.027001, 0.765127 
1.608001, 0.912783 
2.047601, 0.734625 
1.867401, 1.144049 
2.347201, 0.426821 
2.327401, 0.439112 
2.287401, 0.466272 
1.567601, 0.664180 
2.147201, 0.591789 
2.467201, 0.366148 
2.426801, 0.381708 
2.247401, 0.499905 
1.527601, 0.603014 
1.747601, 1.287183 
1.907801, 1.048202 
2.187401, 0.551018 
2.487201, 0.355057 
1.847201, 1.178161 
2.367401, 0.417114 
1.807401, 1.265035 
1.628001, 1.063099 
2.107601, 0.643076 
2.067001, 0.697750 
1.887801, 1.104176 
2.407401, 0.395197 
1.987201, 0.847245 
1.707601, 1.196640 
2.307401, 0.454586 
1.687601, 1.254586 
1.508201, 0.668897 
2.267001, 0.481379 
2.207601, 0.533929 
1.927801, 0.983359 
1.967801, 0.893207 
1.547801, 0.621132 
1.787401, 1.261678 
1.947601, 0.948743 
2.387001, 0.405484 
2.167601, 0.563603 
2.087201, 0.665402 
1.587801, 0.809042 
2.227601, 0.506218 
1.648201, 1.211357 
1.828001, 1.218024 
1.668001, 1.209712 
2.127601, 0.608569 
1.727601, 1.231471 
1.768001, 1.259952 
1.608201, 0.771801 
1.867601, 1.143072 
2.447001, 0.372119 
2.007201, 0.812009 
2.027201, 0.761857 
2.047801, 0.729966 
2.347401, 0.427253 
2.147401, 0.591249 
1.567801, 0.661907 
2.427001, 0.384394 
2.287601, 0.466951 
2.327601, 0.440366 
1.527801, 0.578417 
1.908001, 1.043819 
2.467401, 0.363908 
1.747801, 1.273629 
2.247601, 0.495959 
1.628201, 1.055619 
2.187601, 0.549004 
2.487401, 0.358334 
2.107801, 0.637164 
1.847401, 1.173866 
1.807601, 1.251668 
1.888001, 1.095669 
2.407601, 0.393236 
2.367601, 0.414386 
2.067201, 0.697088 
2.307601, 0.451252 
1.707801, 1.217524 
1.987401, 0.846990 
1.508401, 0.551538 
1.548001, 1.150193 
1.687801, 1.290974 
1.928001, 0.985412 
1.947801, 0.944898 
1.968001, 0.905608 
2.207801, 0.530002 
2.267201, 0.479388 
1.787601, 1.254369 
2.167801, 0.568707 
1.828201, 1.214079 
2.227801, 0.513392 
1.648401, 1.169297 
1.608401, 1.071571 
2.387201, 0.407698 
1.768201, 1.268018 
2.127801, 0.614307 
1.588001, 0.771613 
2.087401, 0.665986 
1.668201, 1.296432 
1.727801, 1.253747 
1.867801, 1.162016 
1.528001, 1.131125 
2.007401, 0.795154 
2.347601, 0.431453 
2.048001, 0.725310 
1.568001, 1.177109 
2.427201, 0.385459 
2.027401, 0.778109 
2.327801, 0.439737 
1.628401, 1.076770 
2.287801, 0.469534 
2.447201, 0.379305 
2.147601, 0.594016 
1.908201, 1.051774 
2.187801, 0.544355 
1.748001, 1.253749 
2.247801, 0.497955 
2.467601, 0.366204 
1.888201, 1.097026 
2.108001, 0.637885 
2.487601, 0.357354 
1.847601, 1.210000 
2.407801, 0.393819 
1.807801, 1.251563 
2.307801, 0.451408 
1.708001, 1.231364 
1.928201, 1.011109 
2.367801, 0.419051 
2.067401, 0.697043 
1.508601, 0.553305 
1.548201, 0.628431 
1.987601, 0.851345 
1.688001, 1.185249 
1.948001, 0.948485 
1.968201, 0.898633 
2.208001, 0.527806 
2.168001, 0.567800 
1.828401, 1.220151 
1.608601, 1.010838 
1.648601, 1.190935 
2.228001, 0.509023 
1.787801, 1.263594 
2.267401, 0.479379 
1.668401, 1.162387 
2.128001, 0.610344 
1.768401, 1.267883 
1.588201, 1.147960 
1.528201, 0.664378 
2.387401, 0.405303 
1.868001, 1.148307 
1.728001, 1.254999 
2.087601, 0.665911 
2.347801, 0.431165 
2.048201, 0.728208 
2.007601, 0.806728 
1.568201, 0.670124 
1.628601, 1.457132 
1.748201, 1.243387 
2.427401, 0.385258 
2.288001, 0.468700 
1.908401, 1.033581 
2.328001, 0.442973 
2.147801, 0.587331 
2.027601, 0.766879 
2.188001, 0.545924 
2.447401, 0.377740 
1.888401, 1.087125 
2.248001, 0.493585 
2.467801, 0.364742 
2.108201, 0.635609 
2.487801, 0.354245 
1.928401, 0.983738 
1.847801, 1.185146 
2.308001, 0.447745 
1.808001, 1.232775 
2.408001, 0.395776 
1.708201, 1.208300 
1.508801, 1.123082 
1.688201, 1.253780 
1.548401, 0.635146 
2.067601, 0.695462 
2.368001, 0.413924 
1.987801, 0.838602 
1.948201, 0.936994 
1.968401, 0.898814 
2.208201, 0.529924 
1.828601, 1.212147 
1.608801, 0.972911 
2.168201, 0.571709 
1.648801, 1.328349 
1.668601, 1.188472 
1.768601, 1.286863 
1.528401, 0.588154 
2.128201, 0.618159 
1.788001, 1.294179 
2.228201, 0.515923 
1.588401, 0.752058 
1.868201, 1.141116 
2.267601, 0.480855 
1.728201, 1.209534 
1.628801, 1.123761 
1.748401, 1.263995 
2.348001, 0.425517 
2.048401, 0.730807 
2.087801, 0.674042 
2.387601, 0.406273 
1.568401, 0.672601 
1.908601, 1.043796 
2.007801, 0.797572 
2.148001, 0.589327 
1.888601, 1.097340 
2.188201, 0.546146 
2.288201, 0.469723 
2.328201, 0.437664 
2.427601, 0.387175 
2.248201, 0.492382 
2.027801, 0.772687 
2.468001, 0.366435 
2.447601, 0.375816 
2.108401, 0.639019 
2.488001, 0.355311 
1.928601, 0.984266 
2.308201, 0.451493 
1.848001, 1.172580 
2.408201, 0.392409 
1.808201, 1.262459 
1.509001, 0.550797 
1.708401, 1.193671 
1.609002, 0.890999 
1.688401, 1.249783 
1.948401, 0.941115 
1.548601, 0.625114 
1.968601, 0.893291 
1.828802, 1.231612 
1.649001, 1.241874 
2.067801, 0.699225 
2.168401, 0.571604 
2.208401, 0.528644 
1.528601, 1.150386 
1.988001, 0.845279 
2.368201, 0.413598 
1.668801, 1.224756 
1.768801, 1.267637 
2.128401, 0.613868 
2.228401, 0.511413 
1.629001, 0.959580 
1.868401, 1.137020 
1.588601, 1.170695 
1.788201, 1.290888 
1.748601, 1.270513 
2.267801, 0.489859 
2.348201, 0.429755 
1.728401, 1.249126 
2.048601, 0.726323 
2.148201, 0.591226 
1.908801, 1.033370 
1.888801, 1.089121 
1.568601, 1.035555 
2.288401, 0.468939 
2.008001, 0.811469 
2.188401, 0.551266 
2.248401, 0.499650 
2.088001, 0.672012 
2.328401, 0.439224 
2.427801, 0.385868 
2.387801, 0.401547 
2.468201, 0.363141 
2.108601, 0.633484 
1.928801, 0.981173 
2.028001, 0.766243 
2.488201, 0.357717 
2.308401, 0.453223 
1.609202, 1.193126 
1.948601, 0.927568 
2.408401, 0.397519 
2.447801, 0.374767 
1.829002, 1.220109 
1.968801, 0.892071 
1.848201, 1.193582 
1.649202, 1.333854 
1.808401, 1.246802 
1.509202, 0.553881 
1.528801, 0.587679 
1.708601, 1.287872 
1.688601, 1.257644 
1.548801, 0.621891 
2.208601, 0.532395 
1.769001, 1.300843 
2.168602, 0.566140 
1.629202, 1.245624 
1.669001, 1.232966 
2.128601, 0.617600 
2.068001, 0.703232 
1.868601, 1.159521 
2.368401, 0.415037 
1.988201, 0.840763 
2.228601, 0.506986 
1.748801, 1.244327 
1.788401, 1.246997 
1.588802, 1.178999 
1.728601, 1.312029 
2.048801, 0.726023 
2.268001, 0.479748 
2.348401, 0.430438 
1.568801, 0.812661 
2.148401, 0.588188 
1.889001, 1.109564 
1.909001, 1.036557 
2.288601, 0.463524 
2.248601, 0.498707 
2.188601, 0.546176 
2.328601, 0.441610 
2.428001, 0.385509 
2.008201, 0.802499 
1.929001, 0.982872 
2.468401, 0.366044 
2.108801, 0.641881 
2.088201, 0.668525 
2.388001, 0.406830 
1.609402, 0.999683 
2.308601, 0.453808 
2.028201, 0.764183 
2.488401, 0.356566 
1.948802, 0.938932 
1.529001, 0.925705 
1.649402, 1.225626 
1.829202, 1.238065 
2.408602, 0.393325 
1.808601, 1.257688 
1.848401, 1.193087 
1.969002, 0.885879 
1.769202, 1.261618 
1.669201, 1.200482 
1.509402, 0.552500 
1.688801, 1.254129 
2.448001, 0.375274 
1.708802, 1.255880 
1.629402, 1.436327 
2.208802, 0.530439 
1.549001, 0.633919 
2.168802, 0.565438 
1.749002, 1.272340 
2.128801, 0.611255 
1.868801, 1.137060 
1.788601, 1.283834 
2.228801, 0.514311 
2.068201, 0.694379 
1.988401, 0.843816 
1.728801, 1.234644 
1.589002, 0.728649 
1.569001, 0.668828 
2.368601, 0.417711 
2.348601, 0.426337 
2.049001, 0.732885 
2.268201, 0.481032 
2.148602, 0.588711 
1.889202, 1.092426 
2.288801, 0.473956 
2.248801, 0.495878 
1.909202, 1.064180 
2.188802, 0.553196 
2.328801, 0.437659 
2.008401, 0.804818 
2.428201, 0.383925 
1.609602, 0.956358 
1.929201, 1.012075 
2.109001, 0.638414 
2.388201, 0.400907 
2.028401, 0.765458 
2.088401, 0.667925 
1.529202, 0.670227 
2.468601, 0.361299 
1.949002, 0.929532 
1.649602, 1.192421 
2.308801, 0.453947 
1.829402, 1.217170 
2.488601, 0.356531 
1.808801, 1.250946 
1.769402, 1.260723 
1.509602, 1.051157 
1.689001, 1.225808 
2.408802, 0.390553 
1.848601, 1.194831 
1.549201, 0.630536 
1.669402, 1.265071 
1.629602, 1.257535 
1.709002, 1.258813 
1.969202, 0.887707 
2.448201, 0.373647 
1.749202, 1.273033 
2.169002, 0.566556 
2.209002, 0.535135 
1.869002, 1.148142 
2.129001, 0.608858 
1.788801, 1.292032 
1.729002, 1.245884 
1.589202, 0.721061 
1.569201, 0.669049 
1.988601, 0.849967 
2.229002, 0.509763 
2.068401, 0.694006 
2.049201, 0.727673 
2.348801, 0.424935 
2.268401, 0.484512 
1.889402, 1.082213 
2.368801, 0.415812 
2.148802, 0.597783 
2.008601, 0.798368 
1.609802, 0.885520 
2.329001, 0.437781 
2.289001, 0.466701 
2.249002, 0.497600 
1.909402, 1.030748 
2.189002, 0.548546 
1.529402, 1.090607 
2.028601, 0.770736 
1.929402, 0.999712 
2.109201, 0.636262 
2.428401, 0.385917 
1.649802, 1.211663 
2.088601, 0.664864 
1.949202, 0.958495 
2.309001, 0.455231 
1.829602, 1.237869 
2.388402, 0.404508 
1.809001, 1.260061 
1.509802, 0.553720 
2.468801, 0.361525 
1.769602, 1.276611 
1.549402, 0.701775 
1.689201, 1.182567 
1.669602, 1.229349 
1.629802, 1.087608 
2.488801, 0.353506 
1.848801, 1.176653 
1.709202, 1.169359 
1.969402, 0.896909 
1.749402, 1.275294 
2.409002, 0.391369 
2.169202, 0.570887 
2.448401, 0.376220 
2.209202, 0.528653 
1.589402, 0.733008 
1.869202, 1.153026 
1.789001, 1.244051 
1.729202, 1.271550 
1.569402, 0.738061 
2.129201, 0.612693 
1.988801, 0.854081 
2.229202, 0.514873 
2.068601, 0.694311 
2.049402, 0.723630 
1.889602, 1.079438 
2.349001, 0.431201 
2.268601, 0.484298 
2.369001, 0.415927 
2.149002, 0.584393 
1.610002, 0.861209 
2.008801, 0.803993 
1.529602, 0.595840 
2.249202, 0.497217 
2.289201, 0.464287 
1.909602, 1.040017 
2.329201, 0.440037 
2.189202, 0.546038 
2.028801, 0.763904 
1.929602, 1.001768 
1.650002, 1.237015 
2.109401, 0.635404 
1.949402, 0.958657 
1.829802, 1.213991 
2.428602, 0.385411 
1.549602, 1.170012 
1.510002, 0.553946 
2.088801, 0.655258 
1.809201, 1.249545 
1.689402, 1.171408 
1.769802, 1.270071 
2.388602, 0.404895 
1.630002, 0.869472 
2.309201, 0.450202 
1.849002, 1.189845 
2.469002, 0.364711 
1.669802, 1.288531 
1.969602, 0.894265 
1.709402, 1.221067 
1.749602, 1.267067 
2.489002, 0.358149 
1.589602, 0.719634 
2.409202, 0.395901 
2.209402, 0.525614 
2.169402, 0.566625 
1.569602, 0.675124 
1.729402, 1.278423 
1.789201, 1.238537 
2.448601, 0.373970 
1.869402, 1.138961 
2.129401, 0.606630 
1.989002, 0.842554 
2.068801, 0.690681 
2.229402, 0.509068 
2.049602, 0.722702 
1.889802, 1.098345 
2.268801, 0.476513 
2.349201, 0.428728 
1.610202, 0.877847 
1.529802, 0.917333 
2.369201, 0.419277 
2.149202, 0.592355 
2.009001, 0.815857 
2.029001, 0.765927 
2.249402, 0.496435 
2.289402, 0.461877 
2.109601, 0.637328 
1.650202, 1.165945 
1.909802, 1.032772 
1.929802, 1.000951 
2.189402, 0.551161 
2.329401, 0.438146 
1.510202, 1.034672 
1.830002, 1.231417 
1.549802, 0.641618 
2.428802, 0.386415 
1.949602, 0.927576 
1.809402, 1.252739 
1.770002, 1.281107 
1.630202, 1.156285 
1.689602, 1.302477 
2.089001, 0.660193 
1.849202, 1.196786 
1.709602, 1.283323 
1.670002, 1.222659 
2.388802, 0.405694 
1.969802, 0.884064 
1.749802, 1.287987 
2.469202, 0.367962 
2.309402, 0.454419 
1.589802, 0.844409 
2.489202, 0.359006 
1.569802, 1.180900 
1.729602, 1.264119 
1.789402, 1.264679 
2.169602, 0.564544 
1.869602, 1.149099 
2.409402, 0.391823 
2.209602, 0.529257 
2.448802, 0.372799 
1.989202, 0.848646 
2.129601, 0.607684 
2.069001, 0.700680 
2.049802, 0.732160 
2.229602, 0.513245 
1.890002, 1.100474 
1.610402, 0.958172 
1.530002, 0.804192 
2.269001, 0.477482 
2.349401, 0.426791 
2.149402, 0.594512 
2.009202, 0.805228 
2.289602, 0.468524 
1.510402, 0.556543 
2.369401, 0.414514 
1.650402, 1.217445 
2.249602, 0.495616 
2.029202, 0.768409 
1.550002, 0.653627 
1.910002, 1.039725 
2.189602, 0.545254 
2.109802, 0.635528 
1.830202, 1.207693 
1.809602, 1.254249 
2.329602, 0.438340 
1.689802, 1.217259 
2.429002, 0.382542 
1.930002, 0.978523 
1.949802, 0.945468 
1.630402, 1.326048 
2.089201, 0.667105 
1.770202, 1.250693 
1.849402, 1.180586 
1.709802, 1.192106 
1.750002, 1.288469 
1.670202, 1.266780 
2.389002, 0.405155 
2.309602, 0.452152 
1.970002, 0.888291 
1.590002, 0.720701 
1.570002, 0.675780 
2.469402, 0.366355 
2.489402, 0.356499 
1.729802, 1.232994 
1.789602, 1.268245 
1.869802, 1.152057 
2.169802, 0.563628 
2.409602, 0.391279 
2.209802, 0.529701 
1.989402, 0.849235 
2.449002, 0.375647 
2.129802, 0.612161 
2.050002, 0.729760 
2.069201, 0.694072 
1.890202, 1.090808 
1.610602, 1.074570 
1.530202, 0.732866 
2.149602, 0.583259 
2.229802, 0.509065 
1.510602, 0.555656 
2.269202, 0.477325 
2.369601, 0.417131 
2.349602, 0.427475 
1.550202, 0.695954 
2.009402, 0.797604 
1.910202, 1.053133 
1.650602, 1.222981 
1.830402, 1.214707 
1.770402, 1.286939 
2.110002, 0.639126 
1.690002, 1.236712 
2.289802, 0.462997 
2.029402, 0.760248 
2.249802, 0.493898 
1.930202, 0.983086 
1.809802, 1.234962 
1.630602, 1.111724 
2.189802, 0.541893 
2.089401, 0.665894 
1.670402, 1.253546 
1.750202, 1.302403 
1.710002, 1.211151 
1.950002, 0.934809 
1.849602, 1.167657 
2.429202, 0.385676 
2.329802, 0.436784 
2.309802, 0.449035 
1.590202, 0.719174 
1.570202, 0.728283 
1.970202, 0.878900 
2.469602, 0.364887 
2.489602, 0.357642 
2.389202, 0.403880 
1.730002, 1.252958 
2.409802, 0.390266 
1.870002, 1.137617 
1.789802, 1.268024 
2.210002, 0.530237 
2.170002, 0.565739 
2.050202, 0.725670 
1.890402, 1.086775 
2.069402, 0.704750 
1.989602, 0.844548 
2.130002, 0.617421 
2.449202, 0.376666 
1.610802, 1.210764 
2.149802, 0.585091 
2.230002, 0.515168 
1.530402, 0.589410 
1.510802, 0.750599 
1.910402, 1.028896 
2.369802, 0.415258 
1.830602, 1.189053 
1.770602, 1.298618 
1.550402, 0.626973 
2.110202, 0.638596 
2.349802, 0.430469 
2.009602, 0.798747 
1.650802, 1.261156 
2.250002, 0.496253 
1.930402, 0.990481 
2.269402, 0.478266 
1.810002, 1.262551 
1.670602, 1.237038 
1.690202, 1.230385 
1.710202, 1.250164 
1.750402, 1.261826 
2.290002, 0.466526 
1.630802, 0.993875 
2.029602, 0.758959 
2.310002, 0.451148 
2.190002, 0.547788 
1.849802, 1.182215 
2.089602, 0.660534 
1.970402, 0.884526 
1.950202, 0.931304 
2.330002, 0.438504 
1.590402, 0.714778 
2.469802, 0.366827 
1.570402, 0.984678 
2.489802, 0.355182 
1.870202, 1.136081 
2.429402, 0.384260 
2.410002, 0.395187 
2.389402, 0.404861 
2.170202, 0.566576 
1.730202, 1.318229 
2.210202, 0.525496 
2.050402, 0.727416 
1.890602, 1.102468 
2.069602, 0.690445 
1.790002, 1.260684 
2.150002, 0.586367 
1.989802, 0.838700 
2.230202, 0.511196 
2.130202, 0.606737 
1.611002, 0.951195 
1.910602, 1.031972 
2.449402, 0.373771 
1.511002, 1.073155 
1.530602, 1.150899 
1.830802, 1.204458 
1.770802, 1.270398 
2.370002, 0.413957 
1.550602, 0.628944 
2.110402, 0.634240 
1.930602, 0.980714 
2.250202, 0.494078 
2.350002, 0.430202 
1.651002, 1.177380 
1.670802, 1.226032 
1.810202, 1.259823 
1.710402, 1.271418 
1.750602, 1.294071 
2.009802, 0.807508 
1.690402, 1.226997 
2.269602, 0.481714 
2.310202, 0.451252 
1.631002, 1.083298 
1.970602, 0.886130 
2.330202, 0.440422 
2.290202, 0.463459 
2.029802, 0.762045 
2.470002, 0.363819 
1.870402, 1.138934 
1.590602, 0.713608 
2.190202, 0.546711 
1.850002, 1.174340 
2.490002, 0.354844 
1.570602, 0.681677 
2.089802, 0.665899 
1.950402, 0.944058 
2.170402, 0.569004 
2.050602, 0.727877 
2.210402, 0.528054 
2.410202, 0.395633 
2.389602, 0.403832 
1.890802, 1.098688 
1.730402, 1.302259 
2.069802, 0.696103 
2.429602, 0.383071 
1.790202, 1.275399 
2.150202, 0.587223 
2.230402, 0.513216 
1.910802, 1.047876 
1.831002, 1.211050 
1.771002, 1.281399 
1.511202, 0.553895 
1.990002, 0.843126 
1.611202, 1.036179 
1.530802, 0.593380 
2.370202, 0.416559 
2.130402, 0.614084 
1.930802, 0.992253 
2.110602, 0.641530 
1.671002, 1.245404 
1.810402, 1.246763 
1.550802, 0.838470 
1.710602, 1.263167 
2.250402, 0.493950 
2.449602, 0.374122 
2.350202, 0.424117 
1.750802, 1.284928 
1.651202, 1.187452 
2.010002, 0.801794 
1.970802, 0.876034 
1.690602, 1.164761 
2.310402, 0.452411 
1.631202, 1.145015 
1.870602, 1.145843 
2.330402, 0.439248 
2.030002, 0.755667 
2.269802, 0.482209 
2.050802, 0.719078 
2.470202, 0.367124 
2.170602, 0.559820 
2.490202, 0.357248 
1.590802, 0.942144 
2.210602, 0.529892 
2.389802, 0.403218 
1.891002, 1.090254 
2.290402, 0.462681 
1.570802, 0.678948 
1.850202, 1.172198 
2.410402, 0.392133 
2.190402, 0.547675 
2.070002, 0.697092 
1.950602, 0.926534 
2.090002, 0.662058 
1.730602, 1.244578 
1.790402, 1.258578 
2.429802, 0.385989 
1.771202, 1.271545 
1.511402, 0.553509 
1.831202, 1.227598 
1.911002, 1.054065 
2.150402, 0.579164 
2.230602, 0.512498 
1.611402, 0.872872 
2.370402, 0.414620 
1.531002, 1.083647 
1.931002, 0.994253 
1.810602, 1.214643 
1.671202, 1.223089 
1.710802, 1.270262 
1.990202, 0.829319 
2.110802, 0.636845 
2.130602, 0.612516 
1.551002, 0.623276 
2.250602, 0.491834 
1.751002, 1.239886 
2.350402, 0.430732 
1.651402, 1.153900 
2.449802, 0.372726 
1.971002, 0.887241 
1.870802, 1.149350 
2.010202, 0.793037 
2.310602, 0.454388 
1.690802, 1.305022 
1.631402, 1.223288 
2.330602, 0.438491 
2.270002, 0.477263 
2.051002, 0.729680 
2.210802, 0.527468 
1.891202, 1.071050 
2.170802, 0.563351 
1.591002, 0.732860 
2.470402, 0.365557 
2.490402, 0.355315 
2.030202, 0.762602 
2.390002, 0.402722 
1.571002, 0.676080 
2.070202, 0.693369 
1.850402, 1.181357 
2.410602, 0.395005 
1.950802, 0.928208 
2.290602, 0.464475 
1.730802, 1.229556 
2.190602, 0.547439 
2.090202, 0.661758 
1.771402, 1.302332 
1.831402, 1.221242 
1.790602, 1.271271 
1.911202, 1.046943 
1.511602, 0.767085 
2.230802, 0.512843 
2.150602, 0.584937 
2.430002, 0.382626 
1.611602, 0.844585 
1.711002, 1.276631 
1.671402, 1.225078 
1.810802, 1.232827 
1.931202, 0.989648 
2.370602, 0.413023 
1.531202, 1.147584 
1.751202, 1.280743 
2.111002, 0.637415 
2.250802, 0.494330 
1.551202, 0.868422 
2.350602, 0.424525 
2.130802, 0.614150 
1.990402, 0.836722 
1.651602, 1.192693 
1.971202, 0.883236 
1.871002, 1.137090 
2.450002, 0.372037 
2.310802, 0.449944 
1.691002, 1.265817 
1.891402, 1.108867 
1.631602, 1.179381 
2.330802, 0.436427 
2.051202, 0.723771 
2.010402, 0.806631 
2.270202, 0.480982 
2.171002, 0.560686 
1.591202, 0.733421 
2.211002, 0.526590 
2.470602, 0.362258 
1.571202, 0.676820 
2.490602, 0.357163 
2.070402, 0.696511 
2.390202, 0.401539 
2.030402, 0.758449 
1.850602, 1.186284 
2.410802, 0.393907 
1.951002, 0.926470 
1.731002, 1.213023 
2.290802, 0.466098 
1.771602, 1.272204 
1.831602, 1.218470 
2.090402, 0.663141 
2.190802, 0.546817 
1.911402, 1.055532 
1.511802, 0.624234 
1.790802, 1.291404 
2.150802, 0.584188 
2.231002, 0.509173 
1.711202, 1.224233 
1.611802, 0.889306 
1.671602, 1.256660 
1.931402, 0.984811 
1.811002, 1.234634 
2.430202, 0.386157 
1.751402, 1.268266 
2.111202, 0.631287 
2.251002, 0.489319 
1.531402, 0.598910 
2.370802, 0.414463 
2.350802, 0.419928 
1.551402, 1.129089 
2.131002, 0.607217 
1.990602, 0.825534 
1.871202, 1.125130 
1.971402, 0.890579 
1.651802, 1.248535 
1.891602, 1.092062 
2.311002, 0.447850 
1.691202, 1.219106 
2.450202, 0.372952 
2.051402, 0.724865 
2.331002, 0.438648 
2.171202, 0.566812 
1.631802, 1.163595 
2.270402, 0.476445 
1.591402, 0.725386 
2.211202, 0.528818 
1.571402, 0.676080 
2.010602, 0.798317 
2.070602, 0.699057 
2.470802, 0.366106 
2.490802, 0.354576 
2.390402, 0.406240 
1.951202, 0.937844 
2.411002, 0.393769 
2.030602, 0.749626 
1.850802, 1.178019 
1.771802, 1.236498 
1.731202, 1.223361 
1.831802, 1.220432 
1.911602, 1.040147 
1.711402, 1.252441 
2.291002, 0.469211 
1.512002, 0.560220 
2.151002, 0.590199 
2.090602, 0.658939 
1.811202, 1.252809 
1.791002, 1.306220 
2.231202, 0.510714 
1.671802, 1.227329 
2.191002, 0.545407 
1.931602, 0.979903 
1.612002, 0.826324 
1.751602, 1.268422 
1.531602, 0.592729 
2.111402, 0.631307 
2.251202, 0.494464 
2.430402, 0.382552 
2.351002, 0.425131 
2.371002, 0.417128 
1.551602, 0.636548 
1.871402, 1.144211 
1.971602, 0.890511 
2.131202, 0.609633 
1.990802, 0.848954 
1.652002, 1.173302 
1.891802, 1.086492 
2.311202, 0.446172 
2.051602, 0.720395 
1.691402, 1.295281 
1.632002, 0.944403 
2.171402, 0.562302 
1.591602, 0.861517 
2.331202, 0.442119 
2.270602, 0.476759 
2.211402, 0.527311 
1.571602, 0.983958 
2.450402, 0.373443 
2.070802, 0.689506 
2.471002, 0.363399 
2.491002, 0.358110 
2.390602, 0.404802 
2.010802, 0.795574 
1.772002, 1.282793 
1.951402, 0.926334 
2.411202, 0.393671 
2.030802, 0.761755 
1.832002, 1.215776 
1.851002, 1.177849 
1.731402, 1.253375 
1.911802, 1.019129 
1.711602, 1.244856 
1.811402, 1.236975 
1.512202, 0.978990 
2.151202, 0.583646 
1.672002, 1.282882 
1.931802, 0.978926 
1.612202, 0.994084 
1.751802, 1.253264 
2.231402, 0.513426 
1.791202, 1.252033 
2.291202, 0.463412 
2.090802, 0.660519 
2.191202, 0.545174 
1.531802, 0.712058 
2.111602, 0.629318 
2.251402, 0.493621 
1.551802, 0.639404 
2.351202, 0.426125 
2.371202, 0.416746 
2.430602, 0.383048 
1.871602, 1.134365 
1.971802, 0.894606 
2.131402, 0.605540 
1.652202, 1.230817 
1.991002, 0.849881 
1.892002, 1.094671 
2.311402, 0.452497 
2.051802, 0.718403 
1.691602, 1.344180 
1.632202, 1.047103 
2.171602, 0.563888 
1.591802, 0.882373 
2.331402, 0.438469 
2.270802, 0.480042 
2.211602, 0.528211 
1.571802, 0.674881 
2.071002, 0.700025 
2.450602, 0.373991 
1.772202, 1.275147 
2.390802, 0.405157 
2.471202, 0.367081 
2.491202, 0.357026 
1.832202, 1.205348 
1.711802, 1.226202 
2.411402, 0.390132 
2.011002, 0.796351 
1.912002, 1.031168 
1.951602, 0.926244 
1.851202, 1.188197 
1.731602, 1.258028 
2.031002, 0.753024 
1.811602, 1.246034 
1.512402, 0.692934 
1.672202, 1.238888 
1.932002, 0.996158 
1.612402, 0.980371 
1.752002, 1.284341 
2.151402, 0.583268 
2.231602, 0.508543 
1.791402, 1.270177 
1.532002, 0.594602 
2.111802, 0.637352 
2.091002, 0.663696 
2.191402, 0.547953 
2.251602, 0.488805 
2.291402, 0.466797 
1.552002, 0.622973 
2.351402, 0.424732 
1.871802, 1.157806 
2.371402, 0.412930 
1.972002, 0.888197 
2.430802, 0.384954 
1.892202, 1.086021 
1.652402, 1.200832 
2.131602, 0.603675 
1.991202, 0.843914 
2.052002, 0.716233 
2.311602, 0.448430 
1.691802, 1.309510 
1.632402, 1.170364 
2.171802, 0.563269 
2.331602, 0.435025 
1.592002, 0.838630 
1.572002, 0.677247 
2.211802, 0.524294 
2.271002, 0.478281 
2.071202, 0.697271 
1.772402, 1.280638 
2.471402, 0.361760 
1.832402, 1.212239 
1.712002, 1.241922 
2.391002, 0.403120 
2.491402, 0.352600 
1.912202, 1.012227 
2.450802, 0.373196 
2.411602, 0.392489 
1.811802, 1.239244 
2.011202, 0.795578 
1.851402, 1.166991 
1.512602, 0.562879 
1.731802, 1.247434 
2.031202, 0.755528 
1.951802, 0.919183 
1.672402, 1.251212 
1.752202, 1.252588 
1.932202, 0.984831 
1.612602, 0.808968 
2.151602, 0.593254 
2.231802, 0.510371 
1.791602, 1.267537 
1.532202, 1.138030 
2.112002, 0.627617 
2.251802, 0.493238 
1.552202, 1.006333 
1.872002, 1.118989 
2.351602, 0.424129 
2.091202, 0.659734 
2.191602, 0.546553 
1.972202, 0.882161 
2.291602, 0.463072 
2.371602, 0.413012 
1.892402, 1.087556 
1.652602, 1.216156 
1.632602, 1.447625 
2.052202, 0.736501 
2.131802, 0.607567 
2.431002, 0.380682 
2.311802, 0.449170 
1.692002, 1.233013 
1.991402, 0.844177 
1.592202, 0.837907 
2.172002, 0.565344 
1.772602, 1.268512 
1.572202, 0.867049 
2.331802, 0.438534 
2.271202, 0.478952 
2.071402, 0.699927 
2.212002, 0.531485 
1.712202, 1.225652 
1.832602, 1.190336 
2.471602, 0.363218 
2.391202, 0.400670 
1.912402, 1.033526 
2.491602, 0.358394 
1.812002, 1.194905 
1.512802, 1.128629 
2.411802, 0.396220 
1.672602, 1.304402 
1.752402, 1.271572 
1.932402, 0.981877 
1.732002, 1.296197 
2.451002, 0.372050 
1.851602, 1.174292 
1.952002, 0.940971 
2.011402, 0.795285 
2.031402, 0.760005 
1.612802, 0.865335 
2.151802, 0.582739 
2.232002, 0.509581 
1.532402, 0.598521 
1.791802, 1.236963 
2.112202, 0.630898 
2.252002, 0.493110 
1.872202, 1.127611 
1.552402, 0.630780 
2.351802, 0.425947 
1.972402, 0.875292 
2.371802, 0.413483 
2.091402, 0.661159 
2.291802, 0.461471 
1.892602, 1.091148 
2.191802, 0.543552 
1.652802, 1.189274 
1.632802, 1.048781 
1.692202, 1.186321 
2.052402, 0.718416 
1.592402, 1.133916 
1.772802, 1.273657 
2.312002, 0.452580 
1.572402, 0.765875 
2.172202, 0.562355 
1.712402, 1.179047 
2.132002, 0.610107 
1.991602, 0.838841 
2.071602, 0.693930 
2.271402, 0.478983 
2.332002, 0.435255 
2.431202, 0.380862 
2.212202, 0.526665 
1.832802, 1.231457 
2.471802, 0.366188 
1.912602, 1.054979 
1.812202, 1.237380 
2.391402, 0.402882 
1.513002, 0.558495 
1.752602, 1.272969 
1.672802, 1.189605 
2.491802, 0.355382 
1.932602, 0.979770 
2.412002, 0.390214 
1.613002, 0.870661 
1.732202, 1.274774 
1.952202, 0.921767 
1.851802, 1.177919 
2.031602, 0.753907 
2.011602, 0.808726 
2.451202, 0.375247 
1.532602, 0.596917 
2.152002, 0.587525 
2.232202, 0.505820 
2.112402, 0.632582 
1.792002, 1.255888 
1.872402, 1.151749 
1.552602, 0.822033 
2.252202, 0.489729 
1.972602, 0.883055 
2.352002, 0.422251 
2.372002, 0.415041 
1.892802, 1.088317 
2.091602, 0.661536 
2.192002, 0.540585 
1.653002, 1.213748 
2.292002, 0.462560 
1.633002, 1.001087 
1.773002, 1.290740 
2.052602, 0.725551 
1.692402, 1.193125 
1.712602, 1.318228 
1.592602, 0.995024 
1.572602, 0.691777 
2.172402, 0.566621 
2.312202, 0.447397 
2.071802, 0.697738 
2.132202, 0.609719 
2.212402, 0.529422 
1.833002, 1.228368 
2.271602, 0.476721 
2.332202, 0.435618 
1.991802, 0.848498 
1.912802, 1.036679 
2.431402, 0.381435 
2.472002, 0.364076 
1.752802, 1.312011 
1.513202, 0.761427 
1.812402, 1.243207 
2.391602, 0.403742 
1.673002, 1.242052 
1.932802, 0.980166 
2.492002, 0.355098 
1.613202, 0.808493 
2.412202, 0.391678 
1.732402, 1.245872 
1.852002, 1.161626 
1.532802, 0.593350 
1.952402, 0.925462 
2.011802, 0.785719 
2.031802, 0.757311 
2.152202, 0.583080 
1.792202, 1.249272 
1.552802, 0.633404 
2.451402, 0.372723 
2.232402, 0.506650 
2.112602, 0.627855 
1.872602, 1.144033 
2.252402, 0.488889 
1.972802, 0.892378 
2.352202, 0.426382 
1.893002, 1.085785 
2.372202, 0.413805 
1.653202, 1.238040 
1.773202, 1.268641 
2.091802, 0.661858 
1.633202, 1.041355 
1.712802, 1.240497 
2.192202, 0.543328 
2.052802, 0.728770 
1.592802, 0.797176 
1.692602, 1.271035 
2.292202, 0.469301 
1.572802, 1.183235 
2.172602, 0.559175 
2.312402, 0.453544 
2.072002, 0.686210 
1.833202, 1.197769 
2.212602, 0.523415 
1.913002, 1.018128 
2.271802, 0.480802 
1.992002, 0.842652 
2.332402, 0.435841 
1.753002, 1.269086 
1.812602, 1.245406 
2.132402, 0.608101 
1.513402, 0.561184 
2.472202, 0.362172 
1.673202, 1.242808 
2.431602, 0.385581 
1.933002, 0.988833 
2.391802, 0.405935 
1.613402, 1.032765 
2.492202, 0.356679 
2.412402, 0.392139 
1.732602, 1.275856 
1.533002, 1.149415 
1.852202, 1.187564 
1.553002, 0.634021 
2.152402, 0.578765 
1.952602, 0.932222 
2.012002, 0.792690 
2.232602, 0.505894 
1.792402, 1.255614 
2.112802, 0.638071 
1.872802, 1.132641 
2.032002, 0.759239 
2.451602, 0.377097 
1.973002, 0.871899 
2.252602, 0.492153 
1.893202, 1.089874 
2.352402, 0.424780 
1.653402, 1.239978 
1.773402, 1.267645 
1.713002, 1.174057 
2.372402, 0.411323 
1.633402, 1.090917 
1.692802, 1.212276 
2.053002, 0.722777 
1.593002, 1.088629 
2.092002, 0.664803 
1.573002, 1.365663 
2.192402, 0.544608 
1.833402, 1.214645 
2.172802, 0.562340 
2.312602, 0.453776 
2.292402, 0.464588 
2.072202, 0.684648 
1.913202, 1.046315 
2.212802, 0.525684 
2.272002, 0.477871 
1.812802, 1.214344 
1.753202, 1.274282 
2.332602, 0.432863 
1.513602, 1.088861 
1.992202, 0.832365 
1.673402, 1.229757 
2.132602, 0.607582 
2.472402, 0.364208 
1.933202, 0.980767 
2.431802, 0.385045 
2.392002, 0.403751 
1.613602, 0.966231 
1.533202, 0.597059 
2.492402, 0.355589 
1.732802, 1.284057 
2.412602, 0.391358 
1.852402, 1.180642 
1.553202, 0.942524 
1.873002, 1.125870 
2.152602, 0.582274 
2.232802, 0.507819 
1.952802, 0.935494 
2.113002, 0.629628 
1.792602, 1.261698 
2.012202, 0.798385 
2.032202, 0.750374 
1.973202, 0.891414 
2.252802, 0.485883 
1.893402, 1.095214 
2.451802, 0.374358 
1.713202, 1.295559 
1.773602, 1.303671 
2.352602, 0.422996 
1.653602, 1.209449 
1.633602, 1.130478 
1.593202, 0.940736 
2.372602, 0.413897 
1.693002, 1.300503 
1.573202, 0.686073 
2.053202, 0.721273 
1.833602, 1.219343 
2.092202, 0.660514 
2.072402, 0.689598 
2.173002, 0.562152 
1.913402, 1.031645 
2.312802, 0.448610 
2.192602, 0.540361 
1.813002, 1.243148 
2.213002, 0.522297 
1.753402, 1.263438 
1.513802, 0.562317 
2.292602, 0.462025 
2.272202, 0.472694 
1.673602, 1.255456 
2.332802, 0.437672 
1.992402, 0.832722 
1.933402, 0.985151 
2.132802, 0.606948 
1.613802, 0.937200 
2.472602, 0.363666 
2.392202, 0.399156 
1.533402, 0.722032 
1.733002, 1.284928 
2.432002, 0.381401 
2.492602, 0.357240 
2.412802, 0.391034 
1.852602, 1.162201 
1.553402, 0.668541 
1.873202, 1.135921 
2.152802, 0.591199 
2.113202, 0.633665 
2.233002, 0.507670 
1.792802, 1.238568 
1.953002, 0.934976 
1.973402, 0.886771 
2.012402, 0.800694 
2.253002, 0.492501 
1.893602, 1.062150 
2.032402, 0.761060 
1.713402, 1.209762 
1.773802, 1.287291 
1.653802, 1.239254 
2.352802, 0.424273 
1.573402, 1.097882 
1.633802, 1.081790 
2.452002, 0.370583 
1.593402, 0.780606 
1.693202, 1.199824 
1.833802, 1.223771 
2.053402, 0.715564 
2.372802, 0.414520 
2.072602, 0.681546 
1.913602, 1.021045 
2.092402, 0.661769 
2.173202, 0.563167 
1.813202, 1.227271 
1.753602, 1.269768 
2.313002, 0.448644 
2.213202, 0.520834 
1.673802, 1.271650 
1.514002, 0.563952 
2.192802, 0.542295 
2.272402, 0.480514 
2.333002, 0.436976 
1.933602, 0.983384 
1.992602, 0.839898 
2.292802, 0.465797 
1.614002, 0.910764 
2.472802, 0.364358 
1.533602, 0.684419 
2.392402, 0.405201 
2.133002, 0.603576 
1.733202, 1.280493 
1.553602, 1.053905 
2.413002, 0.393193 
2.492802, 0.358152 
1.852802, 1.201985 
1.873402, 1.115701 
2.432202, 0.386426 
2.113402, 0.626725 
2.233202, 0.511140 
2.153002, 0.582297 
1.953202, 0.934389 
1.793002, 1.235891 
1.973602, 0.887836 
1.774002, 1.268752 
1.893802, 1.088462 
1.713602, 1.274223 
2.253202, 0.491839 
2.012602, 0.802972 
2.032602, 0.751450 
1.654002, 1.198729 
1.573602, 0.676359 
2.353002, 0.423867 
1.634002, 1.238294 
1.593602, 1.416709 
1.834002, 1.213548 
1.693402, 1.260685 
2.053602, 0.712205 
2.452202, 0.374762 
2.373002, 0.416252 
1.753802, 1.252123 
1.913802, 1.028335 
2.072802, 0.686974 
1.813402, 1.262035 
1.674002, 1.269300 
2.173402, 0.560742 
2.092602, 0.663002 
2.313202, 0.445283 
2.213402, 0.529787 
1.514202, 1.131832 
2.333202, 0.432655 
2.193002, 0.542588 
1.933802, 0.978705 
2.272602, 0.476943 
1.992802, 0.834274 
1.614202, 1.001089 
1.533802, 0.599022 
2.293002, 0.459925 
2.473002, 0.365414 
2.392602, 0.403371 
1.553802, 0.719132 
1.733402, 1.263301 
2.133202, 0.604221 
1.873602, 1.132921 
2.413202, 0.395202 
1.853002, 1.171944 
2.493002, 0.353638 
2.233402, 0.509429 
1.793202, 1.272951 
2.113602, 0.629728 
2.153202, 0.591869 
2.432402, 0.382466 
1.973802, 0.883051 
1.774202, 1.277373 
1.713802, 1.204572 
1.894002, 1.102695 
1.953402, 0.929939 
2.253402, 0.492912 
1.654202, 1.291957 
2.032802, 0.754826 
1.573802, 0.835106 
2.012802, 0.794311 
1.634202, 0.919321 
1.834202, 1.213886 
2.353202, 0.424547 
1.593802, 1.187474 
1.754002, 1.296945 
2.053802, 0.717701 
1.693602, 1.219705 
1.914002, 1.024080 
1.813602, 1.233768 
2.373202, 0.413720 
2.073002, 0.685221 
2.452402, 0.371725 
1.674202, 1.239330 
2.173602, 0.560068 
1.514402, 0.557099 
2.092802, 0.661287 
2.313402, 0.449242 
2.213602, 0.528254 
1.934002, 0.989515 
2.333402, 0.435227 
1.614402, 0.876991 
2.272802, 0.475659 
2.193202, 0.545635 
1.534002, 0.594164 
1.993002, 0.841675 
2.473202, 0.363134 
2.293202, 0.469022 
1.554002, 0.725955 
2.392802, 0.403744 
1.733602, 1.202784 
1.873802, 1.142057 
2.133402, 0.607317 
2.493202, 0.356727 
1.853202, 1.185338 
2.413402, 0.392263 
2.233602, 0.506600 
1.714002, 1.210203 
1.774402, 1.275493 
2.113802, 0.636961 
1.793402, 1.262404 
1.974002, 0.888562 
1.894202, 1.076879 
2.153402, 0.586804 
1.654402, 1.285465 
1.953602, 0.923708 
2.432602, 0.380889 
2.253602, 0.494816 
1.574002, 0.998184 
2.033002, 0.761928 
1.834402, 1.208122 
1.634402, 1.149616 
2.013002, 0.797706 
1.594002, 0.749490 
1.754202, 1.270357 
2.353402, 0.423620 
1.813802, 1.236738 
2.054002, 0.717134 
1.693802, 1.279699 
1.914202, 1.039660 
2.073202, 0.689939 
1.674402, 1.255977 
2.373402, 0.412293 
1.514602, 0.567801 
2.173802, 0.563792 
2.452602, 0.371197 
1.934202, 0.974397 
2.313602, 0.448588 
2.213802, 0.526618 
1.614602, 0.971855 
2.093002, 0.655468 
2.333602, 0.438625 
1.534202, 0.594296 
2.273002, 0.473376 
2.193402, 0.542646 
2.473402, 0.363786 
1.993202, 0.830831 
1.554202, 0.642829 
2.393002, 0.401901 
1.874002, 1.108627 
1.733802, 1.279774 
2.293402, 0.462795 
1.714202, 1.258126 
1.774602, 1.294562 
2.233802, 0.511064 
2.133602, 0.603132 
1.853402, 1.169755 
2.413602, 0.392505 
2.114002, 0.625915 
2.493402, 0.352683 
1.894402, 1.091957 
1.974202, 0.884606 
1.793602, 1.263883 
2.153602, 0.585709 
1.654602, 1.210477 
1.953802, 0.924578 
1.574202, 0.780412 
1.834602, 1.212236 
2.253802, 0.486614 
2.033202, 0.747764 
2.432802, 0.382127 
1.754402, 1.293433 
1.634602, 0.853479 
1.694002, 1.139366 
1.594202, 0.729755 
2.054202, 0.716250 
1.814002, 1.231937 
2.013202, 0.794932 
1.914402, 1.019254 
2.353602, 0.428628 
1.674602, 1.271251 
2.073402, 0.683938 
2.373602, 0.416682 
1.514802, 0.562405 
1.934402, 0.977907 
2.174002, 0.562398 
2.313802, 0.446942 
2.214002, 0.527458 
1.614802, 0.857343 
1.534402, 0.599286 
2.452802, 0.374012 
2.333802, 0.436939 
2.093202, 0.658252 
2.273202, 0.477476 
1.554402, 0.947650 
1.993402, 0.832249 
2.473602, 0.364459 
2.193602, 0.543499 
1.874202, 1.159412 
2.393202, 0.403774 
1.734002, 1.281699 
1.714402, 1.211100 
1.774802, 1.264479 
2.293602, 0.462490 
1.894602, 1.067508 
1.974402, 0.876066 
2.234002, 0.504505 
2.114202, 0.639194 
2.413802, 0.393495 
2.493602, 0.356902 
2.153802, 0.584557 
1.853602, 1.180286 
1.793802, 1.280330 
2.133802, 0.609044 
1.654802, 1.221499 
1.954002, 0.933655 
1.834803, 1.198846 
1.574402, 0.678873 
1.754602, 1.268628 
2.254002, 0.486931 
1.694202, 1.298633 
1.814202, 1.265674 
1.634802, 1.144757 
2.054402, 0.721348 
2.033402, 0.755818 
1.594402, 0.915194 
1.914602, 1.038948 
2.433002, 0.380404 
2.013402, 0.797300 
1.674802, 1.261296 
2.353802, 0.425776 
2.073602, 0.684640 
2.373802, 0.414567 
1.515002, 1.139902 
1.934602, 0.981071 
2.174202, 0.564019 
1.615003, 1.076548 
2.214202, 0.519722 
2.314002, 0.447146 
1.534602, 0.595377 
2.334002, 0.436741 
2.273402, 0.471519 
2.093402, 0.661302 
2.453002, 0.370500 
1.554602, 0.684101 
1.874402, 1.130828 
1.714602, 1.253443 
2.473802, 0.364942 
1.993602, 0.825643 
2.393402, 0.403827 
1.775002, 1.293817 
1.734202, 1.259534 
2.193802, 0.544844 
1.974602, 0.874254 
1.894802, 1.065231 
2.234202, 0.508007 
2.154002, 0.578295 
2.114402, 0.632294 
1.954202, 0.925021 
2.414002, 0.392600 
2.293802, 0.465130 
2.134002, 0.603011 
2.493802, 0.354943 
1.655002, 1.215001 
1.853802, 1.178697 
1.835003, 1.210944 
1.794002, 1.237231 
1.574602, 0.681937 
1.754802, 1.276908 
1.635002, 1.151095 
1.814402, 1.217181 
2.254202, 0.490581 
1.914802, 1.027744 
2.054602, 0.715122 
1.594602, 0.825806 
1.694402, 1.269353 
1.675002, 1.238395 
2.433202, 0.383131 
2.033602, 0.760939 
2.013602, 0.788815 
2.354002, 0.428492 
2.073802, 0.680973 
1.515203, 0.611489 
2.374002, 0.414043 
1.934802, 0.963346 
2.174402, 0.559344 
1.615203, 1.022659 
2.214402, 0.524826 
1.534802, 0.991779 
2.314202, 0.450068 
2.334202, 0.435110 
1.554802, 0.636938 
2.273602, 0.473369 
1.714803, 1.192294 
1.874602, 1.137987 
1.775203, 1.271960 
2.093602, 0.663162 
2.474002, 0.364605 
1.993802, 0.840605 
2.393602, 0.403399 
2.453202, 0.374499 
1.734402, 1.286941 
1.895002, 1.083448 
1.974802, 0.894545 
2.234402, 0.501290 
2.194002, 0.539594 
2.154202, 0.579451 
2.114602, 0.630142 
1.835203, 1.209778 
1.954402, 0.925888 
1.655203, 1.241653 
2.414202, 0.393476 
2.494002, 0.355338 
1.755002, 1.285311 
1.854002, 1.167400 
2.134202, 0.604521 
1.574802, 0.682914 
1.794202, 1.279900 
2.294002, 0.462050 
1.635203, 1.045537 
1.814602, 1.270186 
1.915002, 1.022948 
1.694602, 1.255030 
2.254402, 0.492568 
2.054802, 0.711958 
1.594802, 1.199551 
1.675202, 1.215849 
2.074002, 0.685194 
2.354202, 0.422194 
2.033802, 0.752392 
2.013802, 0.798009 
2.433402, 0.382592 
1.515403, 0.805738 
2.374202, 0.416975 
1.935002, 0.988879 
1.615403, 1.058690 
2.174603, 0.561172 
2.214602, 0.527822 
1.535002, 0.601916 
2.314402, 0.451693 
2.334402, 0.435676 
1.715003, 1.212830 
1.555002, 1.189181 
2.273802, 0.478814 
1.874802, 1.124059 
1.775403, 1.292212 
2.093802, 0.653307 
1.734602, 1.253051 
2.393802, 0.401426 
1.895203, 1.085544 
1.994002, 0.824431 
2.474202, 0.365130 
2.453402, 0.373450 
1.975003, 0.876146 
1.755203, 1.284670 
1.835403, 1.216200 
2.154402, 0.580314 
2.234602, 0.511393 
2.114802, 0.635200 
1.655403, 1.226685 
2.414402, 0.391196 
2.194202, 0.542795 
1.954602, 0.931319 
2.494202, 0.353384 
1.575002, 0.742286 
1.635403, 0.983660 
1.854202, 1.171831 
1.814802, 1.233438 
1.694802, 1.198952 
1.794402, 1.277288 
1.675403, 1.331850 
2.134402, 0.598665 
2.294202, 0.460700 
1.915202, 1.027287 
2.055002, 0.713185 
1.595003, 0.799645 
2.254602, 0.489914 
2.074202, 0.685251 
1.515603, 0.560893 
2.354402, 0.428437 
1.935202, 0.980645 
2.034002, 0.755803 
2.014002, 0.790938 
2.374402, 0.412484 
1.615603, 0.947357 
2.433602, 0.383561 
2.174803, 0.561105 
1.535203, 0.593156 
2.214803, 0.521474 
2.314602, 0.448079 
1.715203, 1.261808 
2.334602, 0.432425 
1.875003, 1.133600 
1.775603, 1.280765 
1.555202, 1.151996 
2.274002, 0.477718 
1.734802, 1.278363 
1.895403, 1.067920 
2.394002, 0.401152 
1.975203, 0.873885 
1.994202, 0.834534 
2.474402, 0.360832 
2.094002, 0.658718 
1.835603, 1.196036 
2.453602, 0.373026 
1.755403, 1.298460 
1.635603, 1.086158 
1.655603, 1.199804 
2.115002, 0.623584 
2.234802, 0.508018 
2.154603, 0.577633 
1.575202, 0.691126 
1.695002, 1.218416 
1.794602, 1.240466 
1.815002, 1.243462 
1.954803, 0.922734 
2.414603, 0.391906 
2.494402, 0.351085 
1.675603, 1.182123 
1.854402, 1.175924 
1.915403, 1.022494 
2.194402, 0.543333 
2.055202, 0.716125 
1.595203, 0.830174 
2.134602, 0.601760 
2.254802, 0.489250 
2.294402, 0.459215 
1.515803, 1.078284 
1.935403, 0.985853 
2.074402, 0.686500 
2.354602, 0.419905 
1.535403, 0.599589 
2.034202, 0.751610 
1.615803, 0.945594 
2.374602, 0.411416 
2.175003, 0.559574 
2.014202, 0.789496 
2.215003, 0.523512 
1.715403, 1.249919 
2.433802, 0.383189 
1.775803, 1.257926 
1.555403, 0.649644 
2.314802, 0.449810 
1.875203, 1.122574 
2.334802, 0.439213 
1.735003, 1.250877 
2.274202, 0.475947 
1.895603, 1.082421 
1.975403, 0.862192 
1.835803, 1.204057 
2.394202, 0.403907 
1.755603, 1.234746 
2.474602, 0.363186 
1.994402, 0.839209 
2.094202, 0.658036 
1.575402, 0.680565 
2.115202, 0.631610 
1.635803, 1.113010 
1.655803, 1.179242 
2.235003, 0.503898 
2.453802, 0.371090 
2.154803, 0.583522 
1.815202, 1.256165 
1.675803, 1.241214 
1.794802, 1.274384 
1.695202, 1.219681 
1.595403, 0.787530 
1.854602, 1.172261 
2.494602, 0.354413 
2.414803, 0.391177 
1.915603, 1.028753 
1.955003, 0.915421 
2.055403, 0.726271 
2.194602, 0.544333 
2.255002, 0.492099 
2.134802, 0.608458 
1.516003, 0.555995 
2.294602, 0.460698 
2.074602, 0.688450 
1.935603, 0.975644 
1.616003, 0.918961 
1.535603, 1.011508 
2.354802, 0.420708 
2.175203, 0.560461 
2.034402, 0.755244 
2.374802, 0.412929 
1.715603, 1.291277 
2.215203, 0.526093 
1.776003, 1.267759 
2.014402, 0.789746 
1.555603, 0.644252 
1.875403, 1.123851 
2.434002, 0.385002 
2.315002, 0.447047 
2.335002, 0.437497 
1.735203, 1.248812 
1.895803, 1.079967 
2.274402, 0.477266 
1.975603, 0.889045 
1.836003, 1.207320 
1.755803, 1.298209 
2.394403, 0.400670 
2.094402, 0.655876 
2.474802, 0.363060 
1.656003, 1.253737 
1.575603, 0.788568 
1.815403, 1.240504 
2.115402, 0.633101 
1.636003, 1.093331 
1.994602, 0.846665 
2.235203, 0.504677 
2.155003, 0.577599 
1.676003, 1.236419 
1.695403, 1.234150 
2.454002, 0.370673 
1.595603, 0.763168 
1.795002, 1.271895 
1.915803, 1.022473 
2.494802, 0.354494 
1.854802, 1.165550 
2.415003, 0.394731 
2.055603, 0.714660 
1.955203, 0.920327 
2.255203, 0.490861 
1.516203, 0.565063 
1.535803, 1.147650 
2.135002, 0.610030 
2.194803, 0.539754 
1.935803, 0.968843 
2.074802, 0.690265 
2.294802, 0.464885 
1.616203, 0.911774 
1.715803, 1.295415 
2.355002, 0.422767 
2.175403, 0.553846 
1.776203, 1.286085 
2.034602, 0.749784 
2.375002, 0.411235 
1.555803, 1.016756 
2.215403, 0.525243 
1.875603, 1.120065 
2.014602, 0.792399 
2.315202, 0.450864 
1.896003, 1.067596 
2.335202, 0.438666 
2.434202, 0.379895 
1.735403, 1.284485 
2.274602, 0.477266 
1.836203, 1.206586 
1.756003, 1.287786 
1.975803, 0.870583 
2.394603, 0.401518 
1.575803, 0.690234 
1.815603, 1.233794 
1.636203, 1.134548 
1.656203, 1.205982 
1.994802, 0.826048 
2.115602, 0.629350 
2.475003, 0.363042 
2.094602, 0.661739 
2.235403, 0.504775 
1.676203, 1.285804 
1.595803, 1.084359 
2.155203, 0.580483 
1.916003, 1.025784 
1.795202, 1.269658 
1.695603, 1.277992 
1.855003, 1.163764 
2.495003, 0.353534 
2.454202, 0.373306 
2.415203, 0.389393 
2.055803, 0.719391 
1.955403, 0.927229 
2.255403, 0.488155 
1.516403, 0.565579 
1.536003, 1.120177 
1.936003, 0.986072 
2.075002, 0.684629 
2.195003, 0.540335 
2.295002, 0.461229 
2.135202, 0.607606 
1.716003, 1.274684 
1.616403, 0.897223 
1.776403, 1.263359 
2.175603, 0.558381 
2.355202, 0.425512 
1.556003, 0.646085 
2.375202, 0.415254 
1.875803, 1.122373 
2.215603, 0.520004 
2.034802, 0.755365 
2.014802, 0.788485 
2.315403, 0.448086 
1.896203, 1.079516 
1.756203, 1.284346 
2.335402, 0.437473 
1.836403, 1.209256 
1.735603, 1.269046 
1.976003, 0.865446 
2.274802, 0.476404 
2.434402, 0.381838 
1.815803, 1.248970 
1.636403, 1.248425 
1.576003, 0.815450 
1.656403, 1.209777 
2.394803, 0.403083 
2.115803, 0.623756 
1.676403, 1.230849 
1.995003, 0.836704 
1.596003, 0.733724 
2.235603, 0.510039 
1.916203, 1.023857 
2.475203, 0.361020 
1.695803, 1.211045 
2.155403, 0.579770 
2.094802, 0.657229 
1.795403, 1.242618 
1.855203, 1.167543 
2.056003, 0.719187 
2.495203, 0.353258 
2.415403, 0.391701 
2.454402, 0.373566 
1.516603, 0.631501 
2.255603, 0.487947 
1.536203, 0.697398 
1.955603, 0.936623 
1.936203, 0.976939 
2.075202, 0.683002 
1.716203, 1.250639 
1.616603, 0.946230 
2.195203, 0.544214 
1.776603, 1.300976 
2.295202, 0.461256 
2.135402, 0.606870 
2.175803, 0.564702 
1.556203, 0.637841 
1.876003, 1.130897 
2.355402, 0.423517 
2.215803, 0.522645 
2.375402, 0.412136 
2.035002, 0.746421 
1.896403, 1.069664 
1.756403, 1.310826 
2.315603, 0.442657 
2.015002, 0.794430 
1.836603, 1.231153 
1.735803, 1.290343 
1.976203, 0.875090 
2.335603, 0.436844 
1.636603, 0.994589 
1.576203, 0.681399 
2.275002, 0.478735 
1.816003, 1.232212 
1.656603, 1.232615 
2.434602, 0.381946 
1.676603, 1.262095 
2.395003, 0.399902 
2.116003, 0.628072 
1.916403, 1.025992 
1.596203, 0.836191 
2.235803, 0.500982 
1.995203, 0.838035 
1.696003, 1.274595 
2.155603, 0.580428 
2.475403, 0.359746 
1.795603, 1.244263 
2.095002, 0.659903 
2.056203, 0.714514 
1.855403, 1.168503 
2.495403, 0.354487 
1.536403, 1.143322 
2.415603, 0.388729 
1.516803, 1.009561 
2.255803, 0.490782 
1.936403, 0.974145 
1.716403, 1.205821 
2.075402, 0.687780 
2.454602, 0.373804 
1.616803, 1.217997 
1.776803, 1.271001 
1.955803, 0.916140 
2.195403, 0.538171 
2.176003, 0.564826 
1.556403, 0.643469 
2.295403, 0.463725 
1.876203, 1.139301 
2.135602, 0.609893 
2.355603, 0.421619 
2.216003, 0.521790 
2.375602, 0.413734 
1.756603, 1.259422 
1.896603, 1.076216 
2.035203, 0.748601 
1.836803, 1.219076 
2.315803, 0.447577 
1.976403, 0.878841 
1.636803, 1.148248 
1.736003, 1.264374 
1.576403, 0.690928 
2.015203, 0.788433 
2.335803, 0.433757 
1.816203, 1.251707 
2.275203, 0.474188 
1.656803, 1.225968 
1.676803, 1.256997 
1.916603, 1.024778 
2.395203, 0.403867 
2.116203, 0.628431 
1.596403, 1.008561 
1.995403, 0.822554 
1.696203, 1.244566 
2.236003, 0.501832 
2.434803, 0.380913 
2.155803, 0.579570 
2.475603, 0.361635 
1.795803, 1.277191 
2.056403, 0.715546 
1.517003, 0.592093 
1.536603, 0.600253 
1.855603, 1.158727 
2.095202, 0.658075 
2.495603, 0.352175 
2.415803, 0.393701 
1.716603, 1.249282 
1.617003, 0.896485 
1.936603, 0.981308 
2.256003, 0.483741 
2.075603, 0.678054 
1.777003, 1.273504 
2.454803, 0.374195 
1.956003, 0.920866 
1.556603, 0.641862 
1.876403, 1.131558 
2.176203, 0.559515 
2.295603, 0.462118 
2.195603, 0.540562 
2.355803, 0.425163 
2.216203, 0.522964 
1.756803, 1.258873 
2.135803, 0.604012 
1.896803, 1.079566 
2.375803, 0.412265 
1.837003, 1.207567 
1.736203, 1.288376 
1.576603, 1.188079 
2.035403, 0.753195 
2.316003, 0.444112 
1.637003, 1.130612 
1.976603, 0.871695 
1.816403, 1.232237 
2.336003, 0.431068 
2.275403, 0.469703 
2.015403, 0.794603 
1.657003, 1.213160 
1.677003, 1.171082 
1.916803, 1.021604 
2.116403, 0.622251 
1.596603, 1.072000 
1.696403, 1.250081 
2.395403, 0.402506 
2.236203, 0.504841 
1.995603, 0.834710 
2.156003, 0.578826 
2.435003, 0.378428 
2.056603, 0.708435 
1.517203, 0.564199 
1.716803, 1.282494 
1.796003, 1.261038 
2.475803, 0.360376 
1.536803, 0.596866 
2.075803, 0.691341 
1.617203, 0.860070 
1.936803, 0.967037 
1.777203, 1.267597 
1.855803, 1.182750 
2.495803, 0.351813 
2.416003, 0.389743 
2.256203, 0.491175 
2.095402, 0.655727 
1.556803, 0.640991 
1.956203, 0.937436 
1.876603, 1.142112 
2.176403, 0.562570 
2.455003, 0.371149 
1.757003, 1.259402 
2.216403, 0.519689 
1.897003, 1.088007 
2.356003, 0.418869 
2.195803, 0.546102 
1.837203, 1.205415 
1.736403, 1.253572 
1.576803, 0.693464 
2.376003, 0.411886 
2.295803, 0.462520 
2.136003, 0.609077 
1.816603, 1.247820 
1.976803, 0.861417 
1.637203, 1.176099 
2.035603, 0.753450 
2.316203, 0.447230 
2.336203, 0.436186 
2.275603, 0.478053 
2.015603, 0.781673 
1.657203, 1.302087 
1.677203, 1.270990 
1.917003, 1.025783 
2.116603, 0.626947 
1.596803, 0.766528 
1.696603, 1.209618 
2.236403, 0.506652 
2.395603, 0.405074 
2.156203, 0.587088 
1.717003, 1.245515 
1.995803, 0.822008 
2.476003, 0.360967 
2.056803, 0.726664 
1.517403, 0.897710 
1.537003, 0.598995 
2.076003, 0.682581 
1.937003, 0.967595 
1.777403, 1.292640 
2.435203, 0.382148 
1.796203, 1.250955 
1.617403, 1.065796 
2.256403, 0.490070 
2.496003, 0.354033 
2.416203, 0.389962 
1.856003, 1.169385 
2.095603, 0.652632 
1.876803, 1.110484 
1.557003, 0.643843 
1.757203, 1.279275 
2.176603, 0.565863 
1.897203, 1.081539 
1.956403, 0.922537 
2.216603, 0.518617 
1.837403, 1.188755 
1.577003, 0.691191 
2.356203, 0.422844 
2.455203, 0.370191 
1.977003, 0.872050 
1.816803, 1.235410 
2.376203, 0.413567 
2.196003, 0.535734 
1.736603, 1.278297 
1.637403, 1.133336 
2.316403, 0.444505 
2.136203, 0.607747 
2.296003, 0.456418 
2.336403, 0.434843 
2.275803, 0.475401 
1.677403, 1.249286 
2.035803, 0.755529 
1.917203, 1.028707 
1.657403, 1.256719 
2.015803, 0.789026 
2.116803, 0.618125 
1.717203, 1.234935 
1.597003, 1.000558 
2.236603, 0.509165 
1.696803, 1.266085 
2.395803, 0.403160 
2.156403, 0.575634 
2.057003, 0.713278 
2.476203, 0.360152 
1.517603, 0.566489 
1.777603, 1.280490 
1.537203, 0.613231 
1.937203, 0.970658 
1.996003, 0.822546 
2.076203, 0.680122 
1.617603, 0.930669 
1.796403, 1.234925 
2.496203, 0.354491 
2.256603, 0.485325 
2.416403, 0.390728 
1.877003, 1.132224 
2.435403, 0.378153 
1.757403, 1.281742 
1.856203, 1.168015 
2.176803, 0.559529 
2.095803, 0.660064 
1.557203, 0.643614 
1.897403, 1.071471 
1.577203, 0.686904 
1.837603, 1.217813 
2.216803, 0.527471 
1.817003, 1.235468 
1.956603, 0.920446 
2.356403, 0.424703 
1.977203, 0.875120 
2.376403, 0.406943 
2.316603, 0.443997 
1.677603, 1.315307 
1.736803, 1.306450 
1.637603, 1.102041 
2.455403, 0.367735 
2.196203, 0.538487 
2.336603, 0.432287 
1.917403, 1.027794 
2.276003, 0.476320 
2.136403, 0.599626 
2.296203, 0.461939 
1.657603, 1.256257 
2.036003, 0.750970 
1.717403, 1.228397 
2.117003, 0.622183 
2.236803, 0.504443 
2.016003, 0.784600 
1.597203, 0.880616 
1.697003, 1.268300 
2.396003, 0.401913 
1.777803, 1.270979 
2.156603, 0.580724 
2.057203, 0.709248 
1.517803, 0.563420 
1.937403, 0.962402 
2.476403, 0.361273 
2.076403, 0.686441 
1.537403, 0.597982 
1.617803, 1.102180 
1.757603, 1.250344 
2.256803, 0.482660 
1.877203, 1.129724 
2.496403, 0.353162 
1.996203, 0.832410 
2.416603, 0.389571 
1.796603, 1.280160 
1.577403, 0.684618 
1.837803, 1.214324 
1.897603, 1.069982 
2.177003, 0.557422 
1.856403, 1.148665 
2.435603, 0.380183 
1.557403, 0.642783 
2.217003, 0.519175 
1.817203, 1.228581 
1.977403, 0.882654 
2.096003, 0.655375 
2.356603, 0.424556 
1.956803, 0.933222 
2.376603, 0.408318 
1.677803, 1.238967 
1.917603, 1.024080 
2.316803, 0.451475 
1.637803, 1.182079 
1.737003, 1.258138 
2.276203, 0.478687 
2.336803, 0.435902 
1.717603, 1.263040 
2.196403, 0.538997 
2.117203, 0.627909 
1.657803, 1.246682 
2.455603, 0.371264 
2.237003, 0.504725 
2.296403, 0.457973 
1.778003, 1.286920 
2.136603, 0.606707 
2.036203, 0.742427 
2.156803, 0.573413 
1.597403, 1.195296 
2.396203, 0.400485 
2.057403, 0.704883 
1.697203, 1.201314 
1.937603, 0.966781 
2.016203, 0.784957 
1.518003, 0.564762 
2.076603, 0.683480 
2.476603, 0.359868 
1.757803, 1.291352 
1.537603, 0.600831 
1.877403, 1.116503 
2.257003, 0.491655 
1.618003, 1.125863 
1.577603, 0.688216 
2.496603, 0.354166 
2.416803, 0.388177 
1.996403, 0.831766 
1.838003, 1.200570 
1.796803, 1.248243 
1.897803, 1.064513 
2.177203, 0.553090 
1.817403, 1.217154 
1.557603, 0.642538 
1.856603, 1.193349 
2.217203, 0.526779 
1.977603, 0.869815 
2.435803, 0.380331 
2.356803, 0.417883 
1.678003, 1.294032 
1.957003, 0.923750 
2.096203, 0.659585 
1.917803, 1.017844 
2.376803, 0.414903 
1.717803, 1.271233 
2.317003, 0.446003 
1.638003, 1.198034 
2.276403, 0.471492 
2.337003, 0.429765 
1.737203, 1.234396 
2.117403, 0.625117 
1.778203, 1.271066 
1.658003, 1.233626 
2.237203, 0.503774 
2.196603, 0.537288 
2.057603, 0.709447 
2.157003, 0.577287 
1.597603, 0.749436 
2.455803, 0.371089 
1.937803, 0.968380 
2.296603, 0.457073 
2.396403, 0.399701 
2.076803, 0.686421 
2.036403, 0.754023 
2.136803, 0.605438 
1.697403, 1.259766 
1.877603, 1.115701 
1.518203, 0.564089 
1.758003, 1.267648 
1.577803, 0.777713 
2.476803, 0.361041 
2.016403, 0.793214 
1.537803, 0.701600 
2.257203, 0.485700 
1.618203, 1.204434 
1.898003, 1.063060 
2.417003, 0.388164 
1.838203, 1.186878 
2.496803, 0.355448 
2.177403, 0.559842 
1.996603, 0.825554 
1.817603, 1.237394 
1.797003, 1.287773 
1.557803, 0.647683 
2.217403, 0.524827 
1.977803, 0.862136 
1.856803, 1.190732 
2.357003, 0.424760 
1.678203, 1.236739 
1.718003, 1.270130 
1.918003, 1.008826 
2.436003, 0.382799 
2.377003, 0.412518 
2.276603, 0.473351 
1.957203, 0.907773 
2.317203, 0.446430 
1.638203, 1.037472 
2.117603, 0.625884 
2.337203, 0.432643 
2.096403, 0.653429 
1.737403, 1.264528 
2.237403, 0.506938 
2.057803, 0.713360 
1.658203, 1.337752 
1.938003, 0.959106 
2.196803, 0.541444 
2.157203, 0.582763 
2.077003, 0.681538 
1.877803, 1.124794 
2.396603, 0.400263 
1.597803, 0.747928 
1.578003, 0.696455 
1.758203, 1.265436 
1.697603, 1.234479 
2.296803, 0.460891 
2.456003, 0.369314 
2.036603, 0.750480 
2.477003, 0.359574 
2.137003, 0.601316 
2.257403, 0.489834 
1.898203, 1.065149 
1.538003, 0.602697 
2.417203, 0.389300 
2.497003, 0.351539 
2.177603, 0.557566 
2.016603, 0.791936 
1.817803, 1.244965 
1.978003, 0.863854 
2.217603, 0.517064 
1.996803, 0.820613 
1.797203, 1.289160 
1.558003, 0.990387 
1.718203, 1.215526 
1.918203, 1.009059 
2.357203, 0.425177 
1.857003, 1.178465 
2.276803, 0.473794 
2.377203, 0.409606 
2.117803, 0.621045 
2.436203, 0.380536 
2.317403, 0.444323 
2.337403, 0.432141 
1.957403, 0.918551 
2.237603, 0.501686 
2.096603, 0.650806 
2.058003, 0.712847 
1.737603, 1.282269 
1.938203, 0.969827 
1.578203, 0.693289 
2.157403, 0.579352 
1.878003, 1.150929 
2.077203, 0.682958 
2.396803, 0.401075 
1.598003, 0.764336 
2.197003, 0.540397 
1.697803, 1.263523 
2.257603, 0.485667 
2.477203, 0.361893 
2.297003, 0.456957 
1.538203, 0.597524 
1.818003, 1.220167 
2.036803, 0.761408 
2.417403, 0.391020 
2.456203, 0.369278 
2.177803, 0.559005 
2.497203, 0.353407 
2.137203, 0.600823 
2.016803, 0.781376 
1.978203, 0.867582 
2.217803, 0.520471 
1.558203, 0.659375 
1.797403, 1.272128 
1.997003, 0.829921 
2.357403, 0.423408 
1.857203, 1.171580 
2.277003, 0.476719 
2.377403, 0.407300 
2.118003, 0.619215 
2.317603, 0.450098 
2.337603, 0.433968 
2.058203, 0.716380 
2.237803, 0.508778 
2.436403, 0.379723 
1.957603, 0.926736 
1.878203, 1.108155 
1.737803, 1.264634 
2.157603, 0.584932 
2.077403, 0.677571 
2.096803, 0.651210 
2.397003, 0.397820 
1.598203, 0.896021 
2.197203, 0.545056 
2.257803, 0.488519 
1.698003, 1.170486 
2.477403, 0.366530 
1.818203, 1.225603 
2.417603, 0.391182 
2.178003, 0.556528 
2.497403, 0.357329 
2.297203, 0.458030 
2.037003, 0.742225 
2.137403, 0.596038 
2.456403, 0.368907 
2.218003, 0.522977 
2.357603, 0.422700 
2.017003, 0.791778 
2.277203, 0.470956 
1.797603, 1.261622 
1.997203, 0.831425 
2.118203, 0.633273 
2.317803, 0.445007 
2.377603, 0.411675 
2.337803, 0.432312 
1.857403, 1.147168 
2.238003, 0.505104 
2.157803, 0.581494 
2.077603, 0.683478 
1.738003, 1.301171 
2.397203, 0.400620 
1.957803, 0.922486 
2.436603, 0.381341 
2.097003, 0.654389 
2.477603, 0.360244 
2.258003, 0.489516 
2.178203, 0.558586 
1.698203, 1.207663 
2.218203, 0.519840 
2.197403, 0.538005 
2.417803, 0.389282 
2.497603, 0.355383 
2.357803, 0.423248 
2.277403, 0.473485 
2.037203, 0.752290 
2.137603, 0.600798 
2.297403, 0.458196 
2.017203, 0.781341 
2.456603, 0.371184 
2.318003, 0.444593 
2.338003, 0.434040 
2.377803, 0.411089 
1.857603, 1.162603 
1.797803, 1.262704 
2.158003, 0.579236 
2.238203, 0.505346 
1.997403, 0.830039 
2.077803, 0.685719 
2.397403, 0.399585 
1.738203, 1.274262 
1.958003, 0.911771 
2.258203, 0.487574 
2.436803, 0.377754 
2.097203, 0.646592 
2.477803, 0.357401 
2.418003, 0.388181 
2.277603, 0.479600 
2.497803, 0.351542 
2.197603, 0.539127 
2.358003, 0.423300 
2.158203, 0.580826 
2.037403, 0.753065 
2.137803, 0.604097 
2.297603, 0.462962 
2.318203, 0.448738 
2.017403, 0.780761 
2.378003, 0.410399 
2.456803, 0.370175 
2.338203, 0.437121 
1.997603, 0.820331 
1.798003, 1.242071 
2.078003, 0.676174 
1.857803, 1.169753 
2.397603, 0.399368 
2.277803, 0.472275 
1.958203, 0.928101 
2.478003, 0.361567 
2.498003, 0.354397 
2.097403, 0.648201 
2.418203, 0.387896 
2.437003, 0.377651 
2.358203, 0.422580 
2.197803, 0.538482 
2.138003, 0.604325 
2.378203, 0.410080 
2.037603, 0.754037 
2.297803, 0.458371 
2.457003, 0.369010 
2.078203, 0.684255 
2.017603, 0.783234 
1.997803, 0.813445 
1.798203, 1.253997 
1.858003, 1.144233 
2.397803, 0.398098 
2.278003, 0.470018 
2.097603, 0.654090 
2.478203, 0.362915 
2.498203, 0.351840 
2.437203, 0.379443 
2.198003, 0.533535 
2.457203, 0.369750 
2.138203, 0.597076 
2.037803, 0.747743 
1.998003, 0.830501 
2.298003, 0.456878 
2.398003, 0.403124 
2.017803, 0.788306 
2.278203, 0.470750 
1.858203, 1.174210 
2.097803, 0.656960 
2.437403, 0.376330 
2.198203, 0.533632 
2.038003, 0.744154 
1.998203, 0.816647 
2.457403, 0.369526 
2.298203, 0.462480 
2.398203, 0.398291 
2.018003, 0.777409 
2.098003, 0.650774 
2.437603, 0.379602 
2.038203, 0.745395 
2.457603, 0.372055 
2.018203, 0.780338 
2.098203, 0.648351 
2.437803, 0.379767 
2.457803, 0.368834 
2.438003, 0.380335 
2.458003, 0.369055 
2.438203, 0.377594 
2.458203, 0.371203 
