1.780000, 0.835157 
1.500000, 0.683600 
1.960000, 0.783898 
1.720000, 0.832891 
1.600000, 0.768701 
2.260000, 0.578056 
1.660000, 0.803900 
2.020000, 0.744217 
1.940000, 0.791866 
1.740000, 0.832074 
1.560000, 0.731221 
1.620000, 0.791451 
1.520000, 0.691254 
1.540000, 0.715746 
1.580000, 0.754158 
1.700000, 0.833148 
1.680000, 0.824568 
2.200000, 0.613512 
2.320000, 0.535893 
1.640000, 0.799361 
2.000000, 0.756733 
2.220000, 0.606576 
2.240000, 0.588458 
1.760000, 0.842171 
2.380000, 0.494754 
2.480000, 0.442727 
2.100000, 0.692272 
1.900000, 0.812806 
2.040000, 0.722942 
1.880000, 0.814284 
2.120000, 0.679593 
1.920000, 0.793985 
1.820000, 0.835189 
1.840000, 0.838551 
1.800000, 0.833275 
2.080000, 0.706657 
2.140000, 0.660409 
2.180000, 0.634278 
2.060000, 0.722561 
2.460000, 0.457368 
1.860000, 0.825517 
1.980000, 0.771421 
2.360000, 0.507445 
2.160000, 0.651125 
2.300000, 0.547307 
2.280000, 0.561176 
2.400000, 0.486351 
2.420000, 0.475619 
2.340000, 0.522786 
2.440000, 0.460624 
1.960200, 0.782752 
1.500200, 0.675947 
1.600200, 0.775073 
1.780200, 0.824857 
1.720200, 0.832400 
1.740200, 0.826776 
1.660200, 0.805524 
1.940200, 0.795770 
1.620200, 0.783111 
1.540200, 0.729492 
1.560200, 0.735440 
1.520200, 0.702234 
1.580200, 0.747164 
2.020200, 0.738314 
2.260200, 0.574746 
1.640200, 0.802767 
1.680200, 0.804364 
1.700200, 0.817647 
2.200200, 0.621950 
2.040200, 0.732420 
2.220200, 0.607300 
1.900200, 0.804559 
2.380200, 0.496577 
1.920200, 0.796681 
2.240200, 0.586245 
1.760200, 0.831691 
2.120200, 0.671743 
2.320200, 0.534535 
2.480200, 0.443253 
1.800200, 0.840878 
2.100200, 0.693542 
2.060200, 0.708764 
1.820200, 0.835627 
1.880200, 0.822673 
2.000200, 0.756321 
1.860200, 0.823170 
1.840200, 0.834421 
2.140200, 0.655609 
2.300200, 0.552565 
2.080200, 0.702971 
2.160200, 0.643252 
2.280200, 0.557935 
2.460200, 0.450561 
1.980200, 0.767515 
2.180200, 0.630884 
2.360200, 0.509315 
2.340200, 0.527124 
2.420200, 0.475091 
2.440200, 0.464040 
2.400200, 0.483963 
1.740400, 0.832279 
1.720400, 0.834066 
1.500400, 0.675113 
1.600400, 0.757303 
1.660400, 0.809604 
1.960400, 0.779208 
1.780400, 0.841570 
1.520400, 0.703359 
1.940400, 0.790120 
1.560400, 0.737356 
1.620400, 0.798460 
1.540400, 0.723801 
1.580400, 0.752471 
2.020400, 0.741429 
1.920400, 0.797416 
2.260400, 0.574771 
1.640400, 0.800754 
1.680400, 0.820248 
2.040400, 0.735179 
1.700400, 0.817789 
2.200400, 0.615290 
2.220400, 0.605732 
1.800400, 0.845618 
1.900400, 0.800395 
1.760400, 0.839736 
2.120400, 0.675424 
1.820400, 0.831057 
2.380400, 0.500628 
1.880400, 0.816934 
1.840400, 0.838748 
2.240400, 0.588863 
2.320400, 0.536030 
2.000400, 0.760986 
2.100400, 0.691681 
1.980400, 0.766045 
2.080400, 0.704761 
2.060400, 0.722856 
2.480400, 0.440176 
2.280400, 0.564218 
2.160400, 0.646889 
1.860400, 0.820414 
2.140400, 0.664760 
2.300400, 0.548511 
2.360400, 0.511578 
2.180400, 0.633994 
2.460400, 0.452320 
2.420400, 0.472983 
2.440400, 0.462161 
2.340400, 0.527263 
2.400400, 0.483318 
1.720600, 0.839567 
1.500600, 0.675465 
1.600600, 0.768149 
1.660600, 0.806289 
1.740600, 0.828081 
1.520600, 0.705830 
1.780600, 0.844336 
1.640600, 0.799486 
1.920600, 0.793870 
1.560600, 0.736567 
1.620600, 0.784594 
1.960600, 0.785468 
1.540600, 0.712922 
1.580600, 0.766198 
1.940600, 0.794068 
2.020600, 0.737682 
1.880600, 0.822307 
1.680600, 0.816955 
2.040600, 0.743521 
2.260600, 0.580963 
1.800600, 0.845545 
2.080600, 0.699593 
1.840600, 0.831143 
1.700600, 0.824036 
2.000600, 0.757091 
1.760600, 0.834592 
2.120600, 0.678988 
1.820600, 0.833612 
2.200600, 0.615560 
2.280600, 0.563343 
1.900600, 0.816726 
2.380600, 0.495566 
2.240600, 0.593109 
2.220600, 0.609542 
1.980600, 0.767442 
2.100600, 0.692145 
2.320600, 0.536365 
2.060600, 0.724026 
1.860600, 0.821301 
2.180600, 0.637212 
2.140600, 0.672214 
2.160600, 0.646081 
2.360600, 0.508971 
2.480600, 0.441887 
2.460600, 0.453457 
2.300600, 0.548354 
2.420600, 0.476289 
2.340600, 0.525084 
2.400600, 0.488564 
2.440600, 0.463936 
1.520800, 0.688596 
1.500800, 0.675421 
1.640800, 0.792962 
1.600800, 0.772947 
1.720800, 0.833233 
1.780800, 0.837397 
1.660800, 0.812213 
1.740800, 0.827296 
1.920800, 0.793149 
1.560800, 0.727899 
1.880800, 0.820188 
1.940800, 0.793713 
1.960800, 0.783246 
1.540800, 0.723725 
1.620800, 0.790717 
1.580800, 0.758812 
1.680800, 0.820082 
1.760800, 0.839016 
2.020800, 0.739454 
2.040800, 0.728465 
2.080800, 0.702794 
1.700800, 0.824112 
1.800800, 0.826302 
1.840800, 0.831948 
2.200800, 0.620200 
2.000800, 0.756538 
2.120800, 0.674104 
2.260800, 0.577845 
1.820800, 0.837318 
2.280800, 0.561719 
2.320800, 0.534708 
2.100800, 0.694000 
2.380800, 0.497421 
1.900800, 0.806125 
2.240800, 0.590835 
1.980800, 0.763403 
2.460800, 0.450337 
2.060800, 0.714509 
1.860800, 0.827787 
2.220800, 0.605134 
2.140800, 0.655627 
2.180800, 0.633246 
2.360800, 0.508530 
2.340800, 0.528330 
2.160800, 0.647797 
2.300800, 0.551561 
2.420800, 0.478007 
2.480800, 0.439438 
2.400800, 0.489380 
2.440800, 0.464977 
1.501000, 0.671783 
1.521000, 0.708148 
1.641000, 0.797825 
1.601000, 0.766817 
1.721000, 0.831870 
1.661000, 0.808523 
1.781000, 0.839563 
1.961000, 0.780297 
1.561000, 0.733285 
1.741000, 0.822179 
1.921000, 0.802247 
1.941000, 0.787673 
2.021000, 0.738568 
1.881000, 0.816957 
1.541000, 0.709295 
1.581000, 0.763884 
1.621000, 0.781324 
1.761000, 0.839497 
1.681000, 0.823001 
1.801000, 0.835914 
2.041000, 0.728231 
1.701000, 0.817931 
1.841000, 0.839459 
2.081000, 0.701740 
2.001000, 0.758515 
2.121000, 0.674463 
2.201000, 0.618817 
1.821000, 0.826631 
2.261000, 0.576548 
2.321000, 0.535896 
2.101000, 0.685670 
2.381000, 0.502075 
2.281000, 0.565561 
2.241000, 0.588328 
1.901000, 0.814798 
1.861000, 0.824346 
2.221000, 0.602817 
2.301000, 0.546664 
2.461000, 0.451445 
2.361000, 0.507250 
1.981000, 0.767708 
2.061000, 0.714411 
2.181000, 0.633500 
2.141000, 0.664266 
2.481000, 0.441403 
1.501200, 0.693607 
2.161000, 0.640824 
2.341000, 0.524033 
2.421000, 0.476075 
2.441000, 0.461572 
1.521200, 0.693335 
2.401000, 0.486150 
1.601200, 0.770490 
1.641200, 0.802679 
1.721200, 0.839589 
1.661200, 0.809419 
1.781200, 0.841481 
1.961200, 0.780345 
2.021200, 0.744364 
1.561200, 0.745006 
1.741200, 0.837291 
1.941200, 0.784800 
1.921200, 0.799867 
1.581200, 0.751237 
1.541200, 0.717680 
1.621200, 0.779113 
1.761200, 0.838240 
1.881200, 0.823763 
1.701200, 0.828119 
1.681200, 0.821910 
1.841200, 0.830836 
2.041200, 0.730147 
1.801200, 0.837565 
2.081200, 0.710398 
2.101200, 0.697257 
1.821200, 0.834906 
2.121200, 0.672375 
2.321200, 0.534836 
2.001200, 0.758480 
2.381200, 0.497590 
2.201200, 0.617317 
2.261200, 0.572712 
2.241200, 0.591112 
2.221200, 0.603940 
2.281200, 0.567705 
1.901200, 0.812055 
2.361200, 0.507842 
1.861200, 0.820558 
1.981200, 0.769294 
2.301200, 0.550102 
1.501400, 0.672933 
2.061200, 0.712959 
2.341200, 0.524252 
2.181200, 0.635303 
2.481200, 0.442562 
1.521400, 0.703542 
2.461200, 0.456994 
2.141200, 0.656356 
2.161200, 0.643496 
1.661400, 0.822778 
2.441200, 0.463577 
1.721400, 0.832342 
1.601400, 0.781244 
1.641400, 0.806192 
2.421200, 0.474428 
1.781400, 0.832320 
1.561400, 0.730767 
1.961400, 0.786034 
2.401200, 0.489681 
2.021400, 0.746223 
1.741400, 0.827278 
1.941400, 0.793200 
1.581400, 0.759905 
1.881400, 0.822242 
1.921400, 0.799398 
1.841400, 0.829817 
1.541400, 0.715312 
1.681400, 0.818536 
1.761400, 0.840725 
1.701400, 0.828933 
1.621400, 0.787285 
1.801400, 0.836177 
2.041400, 0.727340 
2.121400, 0.681085 
2.101400, 0.692231 
2.321400, 0.540681 
1.821400, 0.835593 
2.081400, 0.700301 
2.381400, 0.501990 
2.241400, 0.585431 
2.221400, 0.604943 
2.001400, 0.768016 
2.201400, 0.616608 
2.281400, 0.564541 
2.261400, 0.576795 
2.361400, 0.511716 
1.501600, 0.688324 
1.861400, 0.832030 
1.901400, 0.803034 
2.061400, 0.717459 
1.521600, 0.702422 
2.301400, 0.550171 
1.981400, 0.769825 
1.661600, 0.815966 
2.481400, 0.441103 
2.141400, 0.666099 
2.341400, 0.521488 
2.461400, 0.449473 
1.601600, 0.764783 
2.181400, 0.629139 
1.561600, 0.729730 
1.721600, 0.827477 
1.641600, 0.798273 
2.161400, 0.652767 
2.021600, 0.743463 
1.781600, 0.840184 
1.741600, 0.836038 
1.961600, 0.775131 
2.441400, 0.464936 
2.401400, 0.485548 
1.941600, 0.787976 
2.421400, 0.468372 
1.581600, 0.755435 
1.881600, 0.814696 
1.701600, 0.826077 
1.541600, 0.734257 
1.681600, 0.822305 
1.921600, 0.797953 
1.841600, 0.826636 
1.761600, 0.827162 
2.041600, 0.733238 
1.621600, 0.781596 
1.801600, 0.836456 
2.101600, 0.689802 
1.821600, 0.824119 
2.121600, 0.676268 
2.321600, 0.532367 
2.241600, 0.591060 
2.381600, 0.494533 
2.001600, 0.754680 
2.081600, 0.703470 
1.501800, 0.688075 
2.281600, 0.562505 
2.221600, 0.601084 
2.201600, 0.614674 
2.261600, 0.573625 
1.561800, 0.744708 
2.361600, 0.506858 
1.901600, 0.812915 
1.861600, 0.813045 
1.601800, 0.759304 
1.661800, 0.805710 
1.521800, 0.701631 
2.141600, 0.655497 
2.061600, 0.715935 
1.781800, 0.831818 
1.981600, 0.768636 
1.641800, 0.804031 
1.721800, 0.841117 
2.181600, 0.629305 
2.481600, 0.439576 
2.341600, 0.522983 
2.301600, 0.550407 
2.021800, 0.744301 
2.461600, 0.448978 
1.741800, 0.838659 
2.401600, 0.486090 
2.161600, 0.642112 
1.941800, 0.792704 
1.961800, 0.778797 
1.581800, 0.748294 
2.421600, 0.475017 
1.701800, 0.821322 
2.441600, 0.462496 
1.541800, 0.718475 
2.041800, 0.726759 
1.881800, 0.825343 
1.761800, 0.844350 
1.921800, 0.804575 
2.101800, 0.690074 
1.681800, 0.818056 
1.502000, 0.674631 
1.841800, 0.828915 
1.621800, 0.790819 
1.801800, 0.841069 
2.241800, 0.589849 
1.821800, 0.831241 
2.121800, 0.670384 
2.001800, 0.753027 
1.562000, 0.733657 
2.381800, 0.500306 
2.321800, 0.532097 
2.221800, 0.599863 
1.602000, 0.773109 
2.081800, 0.697301 
2.281800, 0.560236 
1.662000, 0.808448 
2.201800, 0.622539 
1.901800, 0.807552 
1.861800, 0.817981 
2.361800, 0.506147 
2.261800, 0.571692 
1.522000, 0.698400 
1.642000, 0.796644 
2.141800, 0.656716 
1.722000, 0.830875 
1.962000, 0.776866 
1.782000, 0.842901 
1.981800, 0.767691 
2.481800, 0.443487 
2.061800, 0.719617 
2.341800, 0.521270 
1.742000, 0.831226 
2.181800, 0.628665 
2.022000, 0.748432 
2.301800, 0.546879 
1.582000, 0.756867 
1.942000, 0.792273 
1.702000, 0.832212 
2.401800, 0.483703 
2.161800, 0.646597 
2.421800, 0.472595 
2.461800, 0.454642 
1.542000, 0.722870 
1.762000, 0.829990 
2.441800, 0.460097 
2.042000, 0.734713 
1.502200, 0.681380 
2.102000, 0.688093 
1.882000, 0.820472 
1.922000, 0.793637 
1.622000, 0.781370 
1.682000, 0.831115 
1.842000, 0.836293 
2.002000, 0.764104 
1.562200, 0.736099 
2.242000, 0.588154 
1.822000, 0.834058 
1.602200, 0.779309 
1.802000, 0.836511 
2.122000, 0.671259 
2.082000, 0.710860 
2.222000, 0.606251 
2.382000, 0.492225 
1.662200, 0.796700 
2.282000, 0.561896 
2.202000, 0.619432 
2.322000, 0.534993 
1.902000, 0.807031 
2.262000, 0.573895 
1.862000, 0.824945 
2.362000, 0.503238 
1.722200, 0.830289 
1.642200, 0.784851 
1.522200, 0.704667 
1.962200, 0.778127 
2.142000, 0.663322 
1.782200, 0.839149 
1.982000, 0.766752 
2.062000, 0.715936 
1.582200, 0.755246 
1.742200, 0.830745 
2.342000, 0.521437 
2.022200, 0.739456 
2.302000, 0.551793 
1.942200, 0.785171 
1.702200, 0.828948 
2.482000, 0.442630 
1.542200, 0.709902 
1.762200, 0.836213 
2.182000, 0.632178 
2.402000, 0.486810 
2.042200, 0.728946 
2.422000, 0.470612 
2.462000, 0.449876 
2.162000, 0.647059 
1.882200, 0.814705 
1.502400, 0.676561 
2.102200, 0.694223 
2.442000, 0.464442 
1.682200, 0.815444 
1.622200, 0.786280 
1.922200, 0.802144 
1.802200, 0.834302 
1.562400, 0.752016 
2.002200, 0.759879 
1.602400, 0.766660 
1.662400, 0.814247 
2.242200, 0.588287 
1.842200, 0.831248 
2.382200, 0.499551 
1.822200, 0.828682 
2.122200, 0.675833 
2.082200, 0.702671 
2.222200, 0.603915 
2.202200, 0.616406 
2.282200, 0.559083 
1.722400, 0.826022 
1.902200, 0.807889 
2.262200, 0.571318 
2.322200, 0.534899 
2.362200, 0.509440 
1.862200, 0.826128 
1.782400, 0.844667 
1.962400, 0.782652 
1.642400, 0.806956 
1.522400, 0.702042 
1.582400, 0.759750 
1.942400, 0.795980 
1.742400, 0.844096 
1.762400, 0.837454 
1.702400, 0.829619 
1.982200, 0.775199 
2.142200, 0.664283 
2.022400, 0.742597 
1.542400, 0.714018 
2.062200, 0.718846 
2.302200, 0.552453 
2.342200, 0.525767 
2.482200, 0.441035 
2.042400, 0.732587 
1.882400, 0.816194 
2.422200, 0.475670 
1.502600, 0.675188 
2.182200, 0.634228 
1.622400, 0.793472 
1.562600, 0.734761 
2.402200, 0.484898 
2.102400, 0.690367 
2.162200, 0.640194 
1.682400, 0.815480 
1.662600, 0.822197 
2.462200, 0.451424 
2.442200, 0.460977 
1.922400, 0.802502 
1.602600, 0.762703 
1.802400, 0.838590 
2.242400, 0.583169 
2.382401, 0.499545 
2.002400, 0.752323 
1.822400, 0.841752 
2.122400, 0.673518 
1.842400, 0.831125 
1.722600, 0.835760 
2.222400, 0.603744 
2.322400, 0.532421 
2.202400, 0.617986 
1.782600, 0.823919 
2.262400, 0.575886 
2.282400, 0.561724 
2.082400, 0.700910 
1.902400, 0.812132 
1.962600, 0.783578 
2.362400, 0.510951 
1.642600, 0.797501 
1.862400, 0.829344 
1.942600, 0.795787 
1.582600, 0.760117 
1.762600, 0.838916 
1.522600, 0.696967 
2.062400, 0.722155 
1.742600, 0.834347 
1.982400, 0.763719 
1.542600, 0.722395 
2.022600, 0.742244 
1.702600, 0.821272 
2.342400, 0.520981 
2.302400, 0.556227 
2.042600, 0.733494 
1.882600, 0.816259 
1.562800, 0.747407 
2.142401, 0.661818 
1.502800, 0.681867 
2.422400, 0.474839 
1.622600, 0.785366 
2.482400, 0.439813 
1.662800, 0.807092 
2.402400, 0.488750 
1.682600, 0.821847 
2.162400, 0.643097 
2.102600, 0.690892 
2.182400, 0.631514 
2.462400, 0.450459 
1.602800, 0.783775 
2.242600, 0.583232 
1.922600, 0.807787 
2.382601, 0.493477 
1.802600, 0.835547 
1.722800, 0.833298 
2.442400, 0.462973 
2.122600, 0.675870 
2.222600, 0.602103 
2.202600, 0.614606 
1.822600, 0.837143 
1.842600, 0.824993 
1.782800, 0.846193 
2.002600, 0.764051 
1.962801, 0.781494 
1.642800, 0.804092 
2.322600, 0.538012 
2.262600, 0.569556 
1.902600, 0.804423 
2.362600, 0.510318 
2.282600, 0.560664 
1.582801, 0.753328 
2.082600, 0.701437 
1.522800, 0.710830 
1.762800, 0.837242 
1.942801, 0.783725 
1.982600, 0.766223 
1.862600, 0.814511 
2.062600, 0.720026 
1.742800, 0.832320 
2.042800, 0.731684 
1.563000, 0.753964 
2.302600, 0.548579 
2.022800, 0.738087 
1.542800, 0.720961 
1.882800, 0.823018 
1.702801, 0.819725 
1.503000, 0.681415 
2.342600, 0.518872 
2.422601, 0.470242 
2.142601, 0.660674 
1.663000, 0.824942 
2.402601, 0.485507 
1.622800, 0.782171 
1.603001, 0.772746 
1.682800, 0.820432 
2.102800, 0.685602 
2.242800, 0.584276 
2.482600, 0.439189 
2.162601, 0.644193 
1.922800, 0.799772 
2.202801, 0.612206 
2.382801, 0.497609 
2.222800, 0.599168 
1.723001, 0.824627 
2.462600, 0.449999 
2.182600, 0.638866 
1.802800, 0.842284 
2.122800, 0.679897 
1.783000, 0.836521 
1.822801, 0.835243 
2.322800, 0.537065 
1.743001, 0.838323 
1.842800, 0.825031 
2.362800, 0.504937 
2.442600, 0.455947 
1.963001, 0.771301 
2.002800, 0.752979 
2.262800, 0.569663 
1.643000, 0.808146 
1.583001, 0.745495 
1.523000, 0.681724 
1.763000, 0.837014 
2.282800, 0.558917 
1.902800, 0.811737 
1.862800, 0.820138 
1.982800, 0.776061 
1.943001, 0.793359 
1.503201, 0.685465 
2.062800, 0.718448 
2.043000, 0.728347 
2.082800, 0.704220 
1.563200, 0.755413 
1.663200, 0.811195 
2.302800, 0.546544 
2.023000, 0.751248 
1.543000, 0.725498 
1.883000, 0.814236 
1.603201, 0.775103 
1.703001, 0.827969 
1.683000, 0.821687 
2.142801, 0.658810 
2.422801, 0.472869 
2.103000, 0.695297 
1.623001, 0.790919 
2.402801, 0.484671 
2.342800, 0.519374 
2.243001, 0.592554 
2.223001, 0.598799 
2.162801, 0.643057 
2.383001, 0.494777 
1.723201, 0.827742 
2.203001, 0.614529 
2.482800, 0.442467 
1.783201, 0.841201 
1.743201, 0.832758 
2.363000, 0.515913 
2.123000, 0.677626 
1.803000, 0.829741 
1.923000, 0.802451 
2.182801, 0.628481 
2.263000, 0.574448 
2.323000, 0.535900 
2.462801, 0.450325 
1.643201, 0.789502 
1.963201, 0.779337 
1.843001, 0.827721 
1.523201, 0.701437 
1.583201, 0.760302 
1.823001, 0.836095 
1.763201, 0.836100 
2.003000, 0.760456 
1.503401, 0.675286 
1.863001, 0.821665 
1.983001, 0.762912 
2.442801, 0.458313 
1.563401, 0.747913 
1.903000, 0.797684 
1.943201, 0.801476 
2.283000, 0.565502 
1.663401, 0.800694 
2.083000, 0.701998 
1.883201, 0.822297 
2.043200, 0.729587 
2.063000, 0.714378 
1.603401, 0.777008 
1.543200, 0.726624 
2.023201, 0.742996 
2.303000, 0.546462 
1.683200, 0.814068 
1.703201, 0.835720 
1.623201, 0.791024 
2.103200, 0.690772 
2.403001, 0.489244 
2.243201, 0.590951 
2.143001, 0.660657 
2.223201, 0.593820 
1.723401, 0.834067 
2.423001, 0.471394 
1.783401, 0.833608 
2.163001, 0.650027 
1.743401, 0.830298 
2.343000, 0.514459 
2.203201, 0.615263 
2.123200, 0.674334 
2.383201, 0.492551 
1.923200, 0.794908 
1.803200, 0.836875 
2.263201, 0.575199 
2.363200, 0.508409 
1.963401, 0.779552 
1.643401, 0.805282 
1.523401, 0.697790 
1.503601, 0.688004 
2.483001, 0.439753 
1.763401, 0.841479 
2.183001, 0.635319 
2.323200, 0.534578 
1.583401, 0.758262 
1.663601, 0.813114 
1.563601, 0.744947 
2.463001, 0.453869 
1.843201, 0.834999 
1.903201, 0.806287 
2.283201, 0.568632 
1.943401, 0.799277 
1.983201, 0.768629 
1.823201, 0.831375 
1.603601, 0.773724 
2.003201, 0.748731 
1.863201, 0.829905 
1.883401, 0.818158 
2.043401, 0.729894 
1.543401, 0.731013 
2.023401, 0.735482 
2.083200, 0.706902 
2.443001, 0.459268 
2.063200, 0.716354 
1.683401, 0.815548 
2.303200, 0.551860 
2.243401, 0.588693 
2.103400, 0.687427 
1.623401, 0.786197 
2.223401, 0.603742 
1.703401, 0.835213 
1.723601, 0.831344 
1.783601, 0.840789 
2.403201, 0.482054 
2.143201, 0.660533 
1.743601, 0.840444 
2.123400, 0.676792 
2.203401, 0.620085 
2.383401, 0.493393 
1.963601, 0.774118 
1.923401, 0.807327 
1.503801, 0.669317 
1.523601, 0.718984 
2.263401, 0.575540 
2.163201, 0.646230 
1.763601, 0.839950 
2.423201, 0.473269 
1.803401, 0.829332 
1.643601, 0.796893 
2.343200, 0.520176 
1.663801, 0.817596 
1.563801, 0.746341 
2.363400, 0.507888 
2.323400, 0.535372 
1.583601, 0.762634 
1.943601, 0.789275 
2.183201, 0.629564 
2.283401, 0.558866 
1.603801, 0.770895 
1.843401, 0.829165 
1.883601, 0.814769 
2.483201, 0.439189 
1.983401, 0.772845 
2.463201, 0.449255 
1.823401, 0.837641 
1.903401, 0.814519 
1.863401, 0.821475 
2.043601, 0.727505 
2.003401, 0.751435 
1.543601, 0.723801 
2.023601, 0.736253 
2.063401, 0.712058 
2.443201, 0.462904 
2.083400, 0.703866 
1.683601, 0.816351 
1.723801, 0.831015 
2.243601, 0.586557 
1.783801, 0.845032 
2.103601, 0.689408 
1.623601, 0.795982 
2.303401, 0.550396 
1.703601, 0.821428 
2.223601, 0.607046 
1.743801, 0.834479 
2.143401, 0.658337 
1.963801, 0.790396 
1.763801, 0.841450 
1.523801, 0.715054 
2.123600, 0.676168 
1.504001, 0.677430 
2.403401, 0.485466 
2.203601, 0.611823 
2.263601, 0.579299 
2.383601, 0.497371 
1.923601, 0.799116 
1.664001, 0.812554 
1.564001, 0.744423 
2.323601, 0.532357 
1.943801, 0.779773 
1.583801, 0.751949 
1.643801, 0.800818 
2.163401, 0.645262 
1.803601, 0.839693 
2.363600, 0.510092 
2.283601, 0.554847 
2.423401, 0.476934 
1.883801, 0.811851 
1.843601, 0.828789 
1.604001, 0.775090 
2.343400, 0.519216 
2.183401, 0.626736 
2.463401, 0.449297 
1.983601, 0.767268 
2.043801, 0.726609 
1.823601, 0.831365 
1.863601, 0.824380 
1.903601, 0.804405 
2.483401, 0.435232 
1.543801, 0.730579 
2.023801, 0.741991 
2.003601, 0.754967 
2.063601, 0.721600 
2.243801, 0.581248 
1.683801, 0.811481 
2.083601, 0.701314 
2.443401, 0.460252 
1.784001, 0.846593 
1.724001, 0.832550 
1.623801, 0.801990 
1.744001, 0.830082 
1.764001, 0.849192 
2.103801, 0.683944 
1.964001, 0.791984 
1.504201, 0.675516 
1.703801, 0.824945 
2.223801, 0.600838 
2.123801, 0.676818 
1.664201, 0.807078 
2.143601, 0.659092 
2.303601, 0.554347 
1.524001, 0.728739 
2.203801, 0.616946 
1.564201, 0.737747 
1.584001, 0.755334 
1.923801, 0.800281 
2.383801, 0.496672 
2.263801, 0.579049 
1.644001, 0.801635 
2.403601, 0.485141 
2.323801, 0.534726 
1.944001, 0.789681 
2.283801, 0.563127 
1.884001, 0.820488 
2.363801, 0.508099 
1.604201, 0.784601 
1.843801, 0.823270 
2.044001, 0.727972 
1.803801, 0.831375 
2.163601, 0.650856 
2.343601, 0.521284 
1.823801, 0.832632 
2.463601, 0.448099 
1.983801, 0.771528 
2.423601, 0.474922 
2.183601, 0.621787 
1.863801, 0.826430 
1.903801, 0.805068 
2.024001, 0.740758 
2.244001, 0.586021 
1.544001, 0.730464 
2.483601, 0.440551 
1.684001, 0.816847 
1.744201, 0.833461 
2.003801, 0.754234 
1.784201, 0.827459 
1.504401, 0.686885 
1.964201, 0.778398 
2.063801, 0.710935 
2.083801, 0.697489 
2.104001, 0.688708 
1.724201, 0.832731 
1.764201, 0.842363 
1.624001, 0.801178 
1.664401, 0.810493 
2.124001, 0.670410 
1.704001, 0.837626 
2.443601, 0.462371 
2.224001, 0.603118 
1.564401, 0.740927 
2.264001, 0.569506 
2.303801, 0.547062 
2.204001, 0.612015 
1.524201, 0.692865 
1.944201, 0.794867 
1.584201, 0.753490 
1.644201, 0.804560 
1.924001, 0.804058 
2.143801, 0.662777 
2.384001, 0.495647 
2.284001, 0.563327 
2.324001, 0.534553 
2.403801, 0.487952 
1.604401, 0.769147 
1.884201, 0.824049 
2.364001, 0.514457 
1.844001, 0.822377 
2.044201, 0.726325 
1.984001, 0.768851 
1.804001, 0.832563 
2.163801, 0.649049 
2.463801, 0.455132 
1.824001, 0.839177 
2.423801, 0.472575 
2.343801, 0.522831 
2.183801, 0.630580 
1.864001, 0.820444 
1.904001, 0.800011 
2.024201, 0.750324 
1.504601, 0.681204 
2.244201, 0.587688 
1.784401, 0.844423 
1.744401, 0.841226 
1.544201, 0.721578 
1.684201, 0.813959 
2.104201, 0.687574 
2.483801, 0.440240 
1.724401, 0.825649 
1.964401, 0.783819 
1.764401, 0.836138 
2.004001, 0.757462 
1.664601, 0.813625 
1.624201, 0.794107 
2.084001, 0.699156 
2.064001, 0.715640 
2.264201, 0.573536 
1.604601, 0.779764 
2.124201, 0.675629 
2.224201, 0.602000 
1.564601, 0.739541 
1.944401, 0.783959 
1.704201, 0.827181 
1.524401, 0.705278 
1.584401, 0.770893 
1.644401, 0.797954 
2.204201, 0.623039 
2.304001, 0.546567 
2.144001, 0.659281 
2.384201, 0.497908 
2.443801, 0.459943 
2.324201, 0.535249 
1.884401, 0.806738 
1.924201, 0.799631 
2.284201, 0.559577 
2.044401, 0.729686 
2.364201, 0.510997 
1.844201, 0.836143 
2.404001, 0.486628 
1.804201, 0.833971 
1.984201, 0.767050 
2.424001, 0.473329 
2.344001, 0.521770 
2.164001, 0.643082 
1.504801, 0.694706 
2.184001, 0.629616 
1.824201, 0.822455 
1.784601, 0.833505 
1.904201, 0.813570 
2.024401, 0.736787 
2.464001, 0.451332 
1.964601, 0.777202 
2.244401, 0.588775 
1.864201, 0.825294 
1.744601, 0.843791 
2.104401, 0.680983 
1.544401, 0.722852 
1.764601, 0.848947 
2.004201, 0.752472 
1.684401, 0.811892 
1.724601, 0.832191 
2.484001, 0.437262 
1.664801, 0.816620 
1.564801, 0.744627 
1.584601, 0.759539 
1.624401, 0.788530 
1.604801, 0.771792 
1.944601, 0.787675 
2.064201, 0.704818 
2.084201, 0.691690 
2.224401, 0.605638 
1.704401, 0.814825 
1.524601, 0.686605 
2.124401, 0.669018 
2.264401, 0.570076 
2.204401, 0.613936 
1.644601, 0.792924 
2.304201, 0.546331 
2.044601, 0.734340 
2.384401, 0.496388 
1.884601, 0.815593 
1.844401, 0.825181 
2.144201, 0.661140 
2.324401, 0.533032 
1.924401, 0.796673 
2.284401, 0.560712 
2.444001, 0.458488 
2.364401, 0.512642 
1.804401, 0.839825 
2.404201, 0.483996 
1.505001, 0.683924 
2.424201, 0.475847 
2.344201, 0.519444 
1.984401, 0.768611 
2.184201, 0.635938 
1.784801, 0.845658 
1.904401, 0.810835 
1.964801, 0.785210 
2.024601, 0.744118 
2.164201, 0.639541 
1.824401, 0.836130 
1.744801, 0.826656 
1.864401, 0.830952 
1.665001, 0.817620 
2.104601, 0.688654 
1.764801, 0.848292 
2.244601, 0.586971 
1.605001, 0.786904 
1.684601, 0.830232 
2.464201, 0.450092 
1.544601, 0.741499 
2.064401, 0.715793 
1.724801, 0.832147 
1.565001, 0.749153 
1.944801, 0.790376 
2.224601, 0.607168 
2.004401, 0.757051 
1.624601, 0.789729 
1.584801, 0.754914 
2.484201, 0.440093 
2.124601, 0.680725 
1.524801, 0.713327 
2.204601, 0.613557 
1.704601, 0.830881 
2.264601, 0.572302 
2.084401, 0.692678 
1.644801, 0.804585 
2.044801, 0.729832 
2.144401, 0.660693 
1.884801, 0.813518 
2.384601, 0.490784 
2.304401, 0.545071 
1.844601, 0.833122 
1.804601, 0.847485 
2.284601, 0.560868 
2.324601, 0.534152 
1.924601, 0.800442 
2.364601, 0.514485 
1.505201, 0.702698 
2.444201, 0.464566 
1.785001, 0.837320 
2.404401, 0.484839 
2.424401, 0.473382 
1.965001, 0.768417 
1.904601, 0.807077 
1.665201, 0.810013 
2.344401, 0.517206 
1.984601, 0.774042 
1.745001, 0.832145 
2.184401, 0.628591 
2.024801, 0.738649 
2.164401, 0.644495 
1.544801, 0.729923 
1.824601, 0.840624 
1.565201, 0.753896 
1.945001, 0.784531 
1.605201, 0.768813 
2.244801, 0.587703 
1.725001, 0.821832 
1.864601, 0.819094 
1.765001, 0.835264 
2.104801, 0.684883 
1.684801, 0.814468 
2.124801, 0.675758 
2.464401, 0.450871 
1.525001, 0.701354 
2.224801, 0.597905 
2.204801, 0.614676 
2.064601, 0.710664 
1.624801, 0.788355 
2.004601, 0.752859 
1.585001, 0.759171 
1.704801, 0.829936 
1.645001, 0.797682 
2.264801, 0.567936 
2.144601, 0.664219 
2.484401, 0.440050 
1.885001, 0.817036 
2.084601, 0.704345 
2.384801, 0.500406 
2.045001, 0.731796 
1.804801, 0.840499 
1.785201, 0.851991 
1.505401, 0.677763 
1.844801, 0.818505 
2.364801, 0.507082 
2.304601, 0.542515 
2.324801, 0.531793 
2.284801, 0.557138 
1.924801, 0.800418 
2.444401, 0.464506 
1.965201, 0.777171 
1.665401, 0.820814 
1.745201, 0.828856 
1.565401, 0.734237 
2.025001, 0.746801 
2.424601, 0.472898 
1.904801, 0.801765 
1.545001, 0.737899 
1.984801, 0.774847 
2.404601, 0.484999 
2.164601, 0.650842 
2.184601, 0.631514 
2.245001, 0.588793 
2.344601, 0.519699 
1.605401, 0.774877 
1.945201, 0.783446 
1.725201, 0.831828 
1.685001, 0.810574 
1.765201, 0.832982 
1.824801, 0.824906 
2.125001, 0.678739 
1.864801, 0.825473 
2.225001, 0.599589 
2.105001, 0.688992 
1.525201, 0.706764 
2.205001, 0.617603 
2.004801, 0.758386 
1.645201, 0.797441 
2.464601, 0.444392 
1.625001, 0.785621 
1.585201, 0.753944 
2.064801, 0.712341 
2.265001, 0.571022 
2.045201, 0.727859 
2.144801, 0.668357 
1.805001, 0.836101 
1.705001, 0.821351 
1.885201, 0.817810 
2.484601, 0.438380 
2.385001, 0.499208 
2.084801, 0.699400 
1.785401, 0.838929 
1.505601, 0.688720 
2.365001, 0.507752 
2.325001, 0.532424 
1.665601, 0.802411 
1.845001, 0.830911 
2.285001, 0.558800 
1.925001, 0.797980 
1.565601, 0.744695 
1.965401, 0.782714 
2.304801, 0.545803 
1.745401, 0.839519 
2.025201, 0.744101 
1.545201, 0.727111 
2.245201, 0.592129 
2.424801, 0.474899 
2.444601, 0.463492 
2.164801, 0.643949 
1.985001, 0.761911 
1.725401, 0.832892 
1.905001, 0.804479 
2.184801, 0.628005 
2.344801, 0.525566 
1.825001, 0.830677 
1.605601, 0.775906 
1.525401, 0.707818 
2.125201, 0.669932 
2.404801, 0.484529 
1.945401, 0.793346 
1.765401, 0.835064 
2.225201, 0.606938 
1.685201, 0.811808 
2.105201, 0.687357 
1.645401, 0.802379 
2.205201, 0.614699 
1.865001, 0.810936 
2.464801, 0.447843 
2.005001, 0.757880 
2.045401, 0.726492 
1.625201, 0.800568 
2.265201, 0.570738 
2.145001, 0.656536 
1.585401, 0.754785 
1.885401, 0.813433 
1.805201, 0.842650 
2.065001, 0.709854 
1.785601, 0.839135 
2.385201, 0.498928 
1.505801, 0.698930 
1.705201, 0.822959 
2.484801, 0.438299 
2.365201, 0.508438 
2.325201, 0.529593 
2.085001, 0.693030 
1.665801, 0.820012 
1.565801, 0.739955 
1.545401, 0.733479 
2.285201, 0.561495 
1.925201, 0.791853 
1.745601, 0.831079 
1.845201, 0.833799 
1.965601, 0.783251 
2.025401, 0.744410 
2.245401, 0.594488 
1.725601, 0.837451 
2.305001, 0.547561 
1.605801, 0.774705 
2.425001, 0.474329 
1.905201, 0.812058 
2.444801, 0.458481 
2.165001, 0.639485 
2.225401, 0.601622 
2.125401, 0.668561 
2.185001, 0.624289 
1.525601, 0.711116 
1.945601, 0.791321 
1.685401, 0.819197 
1.825201, 0.839707 
1.765601, 0.838516 
1.645601, 0.803122 
1.985201, 0.762588 
2.345001, 0.520149 
2.405001, 0.482176 
2.105401, 0.689759 
2.045601, 0.730052 
1.865201, 0.829092 
1.585601, 0.760512 
2.205401, 0.608635 
2.465001, 0.450298 
1.625401, 0.788861 
2.265401, 0.572615 
1.805401, 0.838613 
1.506001, 0.690363 
2.005201, 0.756286 
1.885601, 0.816195 
2.145201, 0.653711 
1.785801, 0.838682 
2.385401, 0.492029 
1.705401, 0.821666 
1.566001, 0.753901 
2.065201, 0.716256 
1.666001, 0.818530 
2.365401, 0.510318 
2.485001, 0.434878 
2.325401, 0.536058 
1.545601, 0.728484 
1.745801, 0.839034 
2.085201, 0.700154 
1.925401, 0.802663 
2.285401, 0.554314 
1.965801, 0.768934 
1.725801, 0.835075 
1.845401, 0.824470 
1.606001, 0.773849 
2.025601, 0.744682 
2.245601, 0.589972 
1.765801, 0.836419 
1.525801, 0.702643 
2.445001, 0.460878 
2.225601, 0.602524 
1.905401, 0.800306 
2.305201, 0.542683 
1.945801, 0.792879 
2.125601, 0.674267 
2.425201, 0.472053 
1.685601, 0.811879 
2.165201, 0.643310 
1.645801, 0.799007 
1.825401, 0.828737 
2.185201, 0.630505 
2.105601, 0.681928 
1.585801, 0.746460 
1.985401, 0.765246 
1.506201, 0.683942 
2.045801, 0.720572 
1.865401, 0.832922 
1.805601, 0.840698 
2.405201, 0.483199 
2.345201, 0.521216 
1.885801, 0.810112 
2.205601, 0.612852 
2.265601, 0.573423 
1.625601, 0.790002 
1.786001, 0.836706 
2.145401, 0.659561 
2.465201, 0.451493 
2.005401, 0.753945 
1.566201, 0.748494 
2.385601, 0.495460 
1.705601, 0.822301 
2.065401, 0.712351 
1.666201, 0.818677 
1.545801, 0.737426 
1.746001, 0.833548 
2.485201, 0.439517 
2.365601, 0.510250 
1.925601, 0.799435 
2.325601, 0.534735 
1.845601, 0.828066 
1.766001, 0.827715 
1.726001, 0.842550 
2.085401, 0.692667 
1.606201, 0.777122 
2.285601, 0.561265 
1.526001, 0.711035 
1.966001, 0.787448 
2.025801, 0.745809 
2.245801, 0.584957 
2.305401, 0.546954 
2.225801, 0.600649 
1.946001, 0.797840 
1.905601, 0.806817 
1.685801, 0.824706 
2.125801, 0.677490 
1.506401, 0.678961 
2.165401, 0.644707 
1.646001, 0.801987 
1.586001, 0.761571 
2.185401, 0.632892 
2.105801, 0.684574 
2.445201, 0.457534 
1.865601, 0.825085 
2.425401, 0.468175 
1.825601, 0.830387 
1.886001, 0.821756 
2.465401, 0.447044 
2.046001, 0.721852 
2.345401, 0.522630 
1.786201, 0.838394 
1.805801, 0.844899 
1.985601, 0.764849 
2.205801, 0.612941 
1.566401, 0.747835 
1.625801, 0.785701 
2.265801, 0.575873 
2.405401, 0.478979 
2.005601, 0.755321 
2.145601, 0.660105 
1.705801, 0.825381 
2.385801, 0.493629 
1.546001, 0.715468 
2.065601, 0.704172 
1.666401, 0.808139 
1.746201, 0.848655 
1.925801, 0.806221 
1.526201, 0.720102 
2.325801, 0.533068 
2.485401, 0.440941 
1.766201, 0.827754 
1.606401, 0.776614 
1.726201, 0.825157 
2.365801, 0.506380 
2.085601, 0.698196 
1.845801, 0.824434 
2.285801, 0.560340 
1.966201, 0.774617 
2.026001, 0.742635 
1.946201, 0.790493 
2.246001, 0.584253 
1.506601, 0.672133 
2.226001, 0.600094 
1.686001, 0.816316 
1.905801, 0.807646 
2.305601, 0.545645 
2.126001, 0.666632 
1.646201, 0.797596 
1.865801, 0.826807 
1.985801, 0.771158 
1.886201, 0.813770 
1.586201, 0.765124 
2.165601, 0.641965 
2.425601, 0.473574 
2.106001, 0.686511 
1.786401, 0.834247 
2.185601, 0.632085 
1.825801, 0.837355 
1.626001, 0.786734 
2.465601, 0.449714 
2.046201, 0.726159 
2.206001, 0.619441 
1.566601, 0.738472 
1.806001, 0.829486 
2.266001, 0.572727 
2.445401, 0.461783 
2.345601, 0.522503 
2.145801, 0.650615 
1.546201, 0.722712 
2.005801, 0.759969 
2.386001, 0.493601 
1.746401, 0.840044 
2.405601, 0.477231 
1.706001, 0.837722 
1.666601, 0.811250 
2.065801, 0.715540 
1.526401, 0.704288 
2.326001, 0.531765 
1.606601, 0.777062 
1.726401, 0.836025 
1.926001, 0.803365 
1.766401, 0.849672 
2.366001, 0.507165 
1.966401, 0.781736 
2.485601, 0.440661 
1.846001, 0.825716 
2.286001, 0.557295 
2.026201, 0.738161 
2.246201, 0.584555 
2.085801, 0.704476 
1.946401, 0.790274 
1.646401, 0.794386 
1.506801, 0.684413 
1.986001, 0.767662 
1.866001, 0.828870 
1.686201, 0.826880 
2.226201, 0.599575 
2.305801, 0.543187 
1.906001, 0.813838 
1.886401, 0.808874 
2.126201, 0.671106 
1.786601, 0.833855 
1.586401, 0.761766 
2.425801, 0.474894 
2.106201, 0.689878 
2.165801, 0.644166 
2.046401, 0.728564 
1.566801, 0.746003 
2.266201, 0.580285 
1.826001, 0.832994 
1.626201, 0.793274 
2.185801, 0.625658 
2.206201, 0.617772 
1.546401, 0.734116 
2.465801, 0.445249 
1.806201, 0.835348 
2.345801, 0.517281 
2.405801, 0.480810 
1.746601, 0.840111 
2.445601, 0.461307 
2.146001, 0.659789 
2.006001, 0.749691 
1.666801, 0.813051 
2.386201, 0.496143 
2.326201, 0.532584 
1.766601, 0.835762 
1.706201, 0.826553 
1.726601, 0.835429 
2.066001, 0.714802 
1.526601, 0.693011 
1.606801, 0.781704 
1.926201, 0.797415 
2.366201, 0.504405 
1.966601, 0.775508 
1.846201, 0.818888 
2.246401, 0.587045 
2.485801, 0.437923 
2.026401, 0.742920 
2.286201, 0.561607 
1.946601, 0.785568 
1.507001, 0.679875 
1.686401, 0.830346 
1.646601, 0.801081 
1.986201, 0.774503 
2.086001, 0.696725 
1.886601, 0.812917 
1.866201, 0.819966 
1.786801, 0.830335 
2.226401, 0.597721 
1.586601, 0.754549 
2.266401, 0.577454 
2.126401, 0.672016 
2.306001, 0.545498 
1.826201, 0.833013 
2.186001, 0.627318 
1.906201, 0.817742 
1.567001, 0.733212 
2.426001, 0.471028 
2.046601, 0.729803 
2.106401, 0.680339 
1.546601, 0.710686 
1.626401, 0.792373 
2.166001, 0.643718 
2.466001, 0.447078 
2.206401, 0.613620 
1.806401, 0.836247 
2.406001, 0.486975 
1.746801, 0.837454 
2.326401, 0.531848 
1.667001, 0.809946 
2.346001, 0.514281 
1.607001, 0.777301 
1.766801, 0.829903 
1.706401, 0.823740 
2.006201, 0.756642 
2.146201, 0.659314 
1.726801, 0.835474 
2.066201, 0.710297 
2.386401, 0.490409 
2.445801, 0.459175 
1.526801, 0.700600 
1.926401, 0.796854 
1.966801, 0.772660 
2.366401, 0.510368 
2.246601, 0.588364 
1.946801, 0.793716 
1.986401, 0.763493 
1.846401, 0.831466 
1.507201, 0.693695 
1.866401, 0.827349 
2.026601, 0.738860 
2.486001, 0.440209 
2.086201, 0.693677 
1.886801, 0.814386 
1.686601, 0.821425 
2.286401, 0.558214 
1.646801, 0.813783 
1.787001, 0.842293 
2.106601, 0.686067 
1.567201, 0.752512 
1.826401, 0.832703 
2.186201, 0.626084 
2.226601, 0.599300 
1.586801, 0.758974 
2.126601, 0.672211 
2.266601, 0.569881 
2.046801, 0.719666 
2.406201, 0.485887 
1.546801, 0.743175 
1.626601, 0.797884 
2.426201, 0.470186 
2.306201, 0.548971 
1.906401, 0.807003 
2.206601, 0.612229 
2.166201, 0.641123 
1.747001, 0.842701 
1.667201, 0.807323 
2.466201, 0.450647 
1.806601, 0.832280 
1.607201, 0.779527 
1.767001, 0.829563 
2.326601, 0.532547 
1.727001, 0.835358 
2.006401, 0.757094 
1.706601, 0.824544 
1.926601, 0.802417 
2.146401, 0.656104 
2.346201, 0.519148 
1.527001, 0.705341 
2.066401, 0.711751 
2.386601, 0.496240 
2.446001, 0.458776 
1.866601, 0.821828 
1.507401, 0.682563 
1.967001, 0.775310 
2.366601, 0.506401 
1.986601, 0.766647 
2.246801, 0.587828 
1.887001, 0.816188 
1.947001, 0.776467 
2.486201, 0.439704 
2.106801, 0.682417 
1.647001, 0.803676 
1.686801, 0.822594 
1.846601, 0.833485 
2.026801, 0.738327 
1.787201, 0.836211 
1.826601, 0.827184 
2.086401, 0.694222 
1.567401, 0.740445 
2.286601, 0.556496 
2.226801, 0.603714 
2.186401, 0.627195 
2.126801, 0.667364 
1.587001, 0.766009 
1.667401, 0.815031 
2.047001, 0.730437 
2.206801, 0.621368 
1.547001, 0.730458 
2.266801, 0.573660 
1.747201, 0.843774 
1.626801, 0.803129 
1.906601, 0.809938 
1.607401, 0.771506 
2.406401, 0.482622 
2.166401, 0.641714 
1.767201, 0.829774 
2.426401, 0.470501 
2.306401, 0.542105 
1.727201, 0.825598 
1.806801, 0.834123 
2.326801, 0.532915 
2.466401, 0.453029 
2.006601, 0.752579 
1.527201, 0.705933 
1.706801, 0.828273 
2.146601, 0.651604 
2.386801, 0.492952 
1.926801, 0.799014 
2.446201, 0.460843 
1.507601, 0.697302 
1.967201, 0.778766 
1.866801, 0.834072 
2.346401, 0.519257 
2.066601, 0.719169 
1.826801, 0.831418 
2.486401, 0.437293 
1.947201, 0.788679 
2.247001, 0.588266 
1.687001, 0.820370 
2.366801, 0.504054 
1.887201, 0.820463 
1.787401, 0.839837 
1.846801, 0.832262 
1.647201, 0.800630 
1.986801, 0.763078 
2.107001, 0.686205 
2.286801, 0.559910 
1.567601, 0.741068 
2.027001, 0.739850 
2.127001, 0.668449 
2.227001, 0.602350 
2.086601, 0.695830 
1.667601, 0.815915 
1.587201, 0.762997 
1.547201, 0.723190 
1.607601, 0.775544 
2.186601, 0.625851 
1.747401, 0.830239 
2.047201, 0.734299 
1.627001, 0.788760 
2.207001, 0.610250 
2.267001, 0.572319 
2.406601, 0.482949 
1.727401, 0.841062 
1.906801, 0.809227 
1.767401, 0.838138 
2.166601, 0.645947 
1.807001, 0.848284 
2.327001, 0.530225 
2.306601, 0.541275 
2.426601, 0.470194 
1.707001, 0.824878 
2.006801, 0.755134 
2.466601, 0.449367 
1.527401, 0.704442 
1.507801, 0.679337 
1.967401, 0.779635 
1.827001, 0.836396 
2.387001, 0.493431 
2.146801, 0.658742 
1.927001, 0.797467 
2.066801, 0.711804 
2.346601, 0.515082 
1.947401, 0.785795 
1.867001, 0.816556 
2.247201, 0.592310 
1.787601, 0.838866 
2.446401, 0.463706 
1.887401, 0.816258 
2.367001, 0.503965 
1.847001, 0.831463 
2.486601, 0.439461 
1.647401, 0.798868 
2.107201, 0.676104 
1.687201, 0.821177 
1.987001, 0.771192 
1.567801, 0.735527 
2.287001, 0.559959 
2.027201, 0.742322 
2.127201, 0.667070 
2.227201, 0.600130 
1.667801, 0.827512 
1.587401, 0.770169 
1.607801, 0.774981 
2.086801, 0.701263 
1.747601, 0.828915 
1.547401, 0.728986 
1.627201, 0.788423 
2.047401, 0.724367 
2.207201, 0.612887 
1.807201, 0.825569 
2.186801, 0.631588 
2.267201, 0.569957 
1.727601, 0.842882 
1.907001, 0.812912 
1.767601, 0.852478 
1.707201, 0.833600 
2.166801, 0.642277 
2.406801, 0.484107 
2.327201, 0.524876 
1.527601, 0.718568 
2.306801, 0.543747 
1.827201, 0.826040 
2.466801, 0.448764 
2.007001, 0.752160 
1.508001, 0.699185 
1.967601, 0.772973 
2.426801, 0.467430 
2.067001, 0.711491 
2.346801, 0.517988 
2.387201, 0.496650 
1.927201, 0.796080 
1.887601, 0.817678 
1.847201, 0.823273 
2.247401, 0.587357 
1.947601, 0.781057 
1.867201, 0.822435 
2.147001, 0.659732 
1.787801, 0.832143 
1.647601, 0.800400 
1.987201, 0.768394 
2.367201, 0.501738 
1.687401, 0.820006 
1.568001, 0.739967 
2.107401, 0.688712 
2.486801, 0.437311 
2.027401, 0.744319 
2.287201, 0.558509 
2.446601, 0.460367 
2.127401, 0.667910 
1.668001, 0.806424 
1.547601, 0.718003 
2.227401, 0.603526 
1.608001, 0.774863 
1.587601, 0.755939 
1.747801, 0.839005 
1.807401, 0.846093 
2.087001, 0.693530 
1.627401, 0.787277 
1.767801, 0.834290 
1.727801, 0.842757 
2.187001, 0.629827 
2.207401, 0.609486 
1.707401, 0.821862 
2.267401, 0.573431 
1.907201, 0.806247 
2.047601, 0.728021 
2.167001, 0.644333 
2.327401, 0.532879 
1.527801, 0.703300 
2.407001, 0.482941 
1.827401, 0.828680 
1.508201, 0.690422 
1.967801, 0.773730 
2.467001, 0.446241 
2.307001, 0.548009 
1.927401, 0.798300 
2.007201, 0.751965 
2.427001, 0.478923 
2.067201, 0.713411 
2.347001, 0.519076 
1.847401, 0.838999 
1.687601, 0.831662 
1.947801, 0.786890 
2.387401, 0.491592 
1.788001, 0.836271 
1.867401, 0.817317 
2.247601, 0.584627 
1.887801, 0.816630 
1.987401, 0.770304 
2.147201, 0.652608 
1.647801, 0.801530 
1.568201, 0.748596 
2.127601, 0.669433 
2.367401, 0.506755 
2.027601, 0.734258 
1.547801, 0.744460 
2.107601, 0.684819 
1.587801, 0.759106 
1.668201, 0.819836 
2.487001, 0.435814 
2.446801, 0.458550 
1.608201, 0.780863 
1.748001, 0.848070 
2.287401, 0.558734 
1.728001, 0.835628 
1.807601, 0.833820 
1.768001, 0.847314 
2.227601, 0.602849 
1.627601, 0.798439 
1.707601, 0.838405 
2.087201, 0.696990 
2.187201, 0.631893 
2.267601, 0.576103 
2.207601, 0.608402 
1.907401, 0.807212 
1.508401, 0.679375 
2.047801, 0.725539 
1.528001, 0.701870 
1.827601, 0.837801 
2.327601, 0.531503 
2.167201, 0.644219 
2.407201, 0.486055 
2.467201, 0.446415 
1.927601, 0.803737 
1.968001, 0.775405 
2.307201, 0.546488 
1.687801, 0.810810 
1.867601, 0.810219 
1.788201, 0.837365 
2.067401, 0.710981 
1.847601, 0.834401 
2.427201, 0.469409 
2.347201, 0.518640 
2.387601, 0.492543 
2.247801, 0.588159 
1.888001, 0.815109 
1.948001, 0.790168 
1.648001, 0.804009 
1.987601, 0.763952 
2.007401, 0.754645 
2.147401, 0.660987 
1.568401, 0.736643 
2.127801, 0.674145 
1.548001, 0.727581 
1.588001, 0.763422 
2.367601, 0.511903 
2.027801, 0.741253 
1.608401, 0.764907 
1.748201, 0.830829 
1.807801, 0.825463 
1.728201, 0.824817 
1.668401, 0.797311 
2.487201, 0.437652 
2.107801, 0.675676 
1.768201, 0.843110 
2.287601, 0.559075 
1.627801, 0.790706 
2.447001, 0.458635 
2.227801, 0.597659 
1.707801, 0.829554 
2.087401, 0.698803 
2.187401, 0.627391 
2.048001, 0.728378 
1.528201, 0.698130 
1.827801, 0.830548 
2.207801, 0.615265 
2.267801, 0.575350 
2.167401, 0.632735 
1.508601, 0.675103 
1.907601, 0.808807 
2.327801, 0.531887 
2.407401, 0.479974 
2.467401, 0.449582 
1.847801, 0.835842 
1.968201, 0.775143 
1.688001, 0.819633 
1.927801, 0.799296 
2.307401, 0.544203 
1.788401, 0.828502 
2.067601, 0.715579 
1.648201, 0.815966 
1.568601, 0.745943 
1.888201, 0.810344 
1.867801, 0.823925 
2.347401, 0.520006 
1.987801, 0.773657 
2.248001, 0.581626 
2.147601, 0.652555 
2.387801, 0.492296 
2.427401, 0.467657 
2.007601, 0.753636 
2.128001, 0.669904 
1.948201, 0.783760 
1.548201, 0.731631 
1.808001, 0.839673 
1.748401, 0.833533 
1.588201, 0.762263 
2.367801, 0.503799 
1.608601, 0.776433 
1.728401, 0.837402 
2.028001, 0.736027 
2.108001, 0.683053 
1.668601, 0.814290 
1.628001, 0.798742 
1.768401, 0.839322 
2.487401, 0.437298 
2.287801, 0.556358 
2.228001, 0.603326 
1.708001, 0.825535 
2.087601, 0.704360 
1.828001, 0.836766 
2.447201, 0.462741 
1.528401, 0.719391 
2.187601, 0.626104 
2.167601, 0.645816 
2.048201, 0.718369 
1.508801, 0.692212 
2.208001, 0.612479 
2.268001, 0.566946 
2.407601, 0.481537 
2.328001, 0.534409 
1.907801, 0.810910 
1.848001, 0.831595 
2.467601, 0.450192 
1.648401, 0.808024 
1.788601, 0.820854 
1.868001, 0.819862 
1.968401, 0.777461 
1.568801, 0.742005 
1.688201, 0.827967 
1.928001, 0.804017 
2.307601, 0.547735 
2.007801, 0.751683 
2.067801, 0.718715 
1.888401, 0.814843 
1.988001, 0.767660 
1.548401, 0.727990 
2.147801, 0.654276 
1.808201, 0.839344 
2.248201, 0.579908 
2.427601, 0.469937 
2.347601, 0.520394 
1.748601, 0.839095 
2.128201, 0.669241 
1.948401, 0.793426 
1.608801, 0.772795 
2.388001, 0.494045 
1.588401, 0.773573 
1.628201, 0.799475 
1.728601, 0.835890 
2.108201, 0.688587 
2.368001, 0.508512 
1.668801, 0.806341 
1.828201, 0.838480 
2.487601, 0.434682 
1.768601, 0.846316 
2.028201, 0.740741 
1.708201, 0.823746 
2.228201, 0.599544 
1.528601, 0.699306 
2.087801, 0.701059 
2.288001, 0.554630 
2.187801, 0.629647 
2.447401, 0.458566 
1.509001, 0.689174 
2.167801, 0.635563 
2.048401, 0.732333 
2.208201, 0.616609 
1.868201, 0.820762 
1.648601, 0.809585 
2.268201, 0.571901 
1.848201, 0.832919 
2.407801, 0.484116 
1.788801, 0.832495 
2.328201, 0.532664 
1.908001, 0.805377 
1.548601, 0.735579 
1.569001, 0.750806 
1.968601, 0.778059 
1.688401, 0.814729 
1.988201, 0.762790 
2.008001, 0.760081 
2.467801, 0.448160 
1.928201, 0.800221 
2.068001, 0.713847 
1.888601, 0.817640 
1.808401, 0.834279 
2.307801, 0.553256 
1.609002, 0.776934 
2.427801, 0.472378 
2.248401, 0.588495 
1.748801, 0.845275 
2.128401, 0.664535 
1.588601, 0.764232 
1.948601, 0.781502 
2.148001, 0.653560 
2.347801, 0.517927 
1.628401, 0.780945 
1.728801, 0.835569 
2.388201, 0.496479 
1.768801, 0.828275 
1.528801, 0.707578 
1.828401, 0.830561 
1.669001, 0.798240 
1.708401, 0.831363 
2.108401, 0.683304 
2.368201, 0.503484 
2.487801, 0.435367 
1.868401, 0.820023 
2.028401, 0.738656 
2.168001, 0.639694 
2.447601, 0.453196 
2.228401, 0.599328 
2.088001, 0.706331 
2.288201, 0.557094 
1.509202, 0.691411 
2.188001, 0.627476 
2.048601, 0.729398 
2.208401, 0.611818 
1.928401, 0.801892 
1.648801, 0.811496 
1.848401, 0.823125 
1.569201, 0.747394 
2.408001, 0.480193 
1.688601, 0.834295 
2.008201, 0.756786 
2.268401, 0.572310 
1.968801, 0.782987 
1.789001, 0.846300 
1.908201, 0.803891 
1.988401, 0.766197 
1.548801, 0.716749 
2.468001, 0.446993 
2.328401, 0.527751 
2.308001, 0.544158 
1.888801, 0.818827 
1.808601, 0.845231 
1.609202, 0.779542 
1.749002, 0.839561 
2.068201, 0.710784 
1.729002, 0.829099 
1.948802, 0.783983 
1.588802, 0.772250 
2.348001, 0.514135 
2.428001, 0.468551 
2.128601, 0.670214 
1.628601, 0.802039 
2.248601, 0.584251 
2.148201, 0.655304 
1.669201, 0.817186 
1.769001, 0.838132 
1.529001, 0.696177 
1.828601, 0.838778 
2.028601, 0.737182 
1.868601, 0.822893 
1.708601, 0.822636 
2.388402, 0.491090 
2.168201, 0.636335 
2.368401, 0.507267 
2.108601, 0.679605 
1.509402, 0.677318 
2.488001, 0.435889 
2.088201, 0.696188 
2.228601, 0.593916 
2.447801, 0.462806 
2.288401, 0.558672 
2.208601, 0.611208 
2.188201, 0.622821 
2.048801, 0.726425 
1.928601, 0.795302 
1.649001, 0.801102 
1.569402, 0.753455 
2.268601, 0.573693 
1.688801, 0.824102 
1.969002, 0.775590 
1.808801, 0.835508 
1.908401, 0.809214 
1.848601, 0.830345 
2.408201, 0.480787 
1.789201, 0.842407 
1.549001, 0.714226 
2.008401, 0.752634 
1.889001, 0.812658 
1.988601, 0.765797 
1.729202, 0.829021 
1.609402, 0.760340 
1.749202, 0.843960 
2.468201, 0.446892 
2.348201, 0.516716 
1.628801, 0.793336 
2.308201, 0.539912 
1.589002, 0.755207 
2.328601, 0.529966 
1.949002, 0.782001 
2.068401, 0.712525 
2.428201, 0.472028 
2.248801, 0.584107 
1.669402, 0.828945 
2.128801, 0.668143 
1.769202, 0.846889 
1.529202, 0.721453 
1.868801, 0.826685 
1.828802, 0.823843 
2.148401, 0.656769 
2.028801, 0.749942 
2.168401, 0.637935 
2.368601, 0.504882 
1.509602, 0.694685 
1.708802, 0.837845 
2.088401, 0.692711 
2.388602, 0.491952 
2.108801, 0.688322 
2.488201, 0.437941 
2.228801, 0.595043 
2.448001, 0.458528 
2.208802, 0.612969 
2.288601, 0.558087 
2.049001, 0.725307 
1.649202, 0.807093 
1.569602, 0.746870 
1.689001, 0.829067 
1.928801, 0.802256 
1.848801, 0.821831 
2.188401, 0.630076 
2.408401, 0.478803 
1.549201, 0.731326 
1.809001, 0.836960 
1.749402, 0.836698 
1.789402, 0.830739 
2.008601, 0.754422 
1.889202, 0.818755 
1.609602, 0.772781 
1.969202, 0.777541 
2.268801, 0.572601 
2.468401, 0.446022 
2.348401, 0.515972 
1.908601, 0.807624 
1.629001, 0.799282 
1.729402, 0.825373 
1.589202, 0.760834 
1.988801, 0.767445 
2.308401, 0.540114 
2.428401, 0.471106 
1.949202, 0.788739 
2.068601, 0.709828 
1.669602, 0.814554 
2.249002, 0.584997 
1.869002, 0.820677 
2.328801, 0.528957 
1.529402, 0.709369 
1.769402, 0.833899 
2.129001, 0.671612 
1.829002, 0.843665 
2.029001, 0.739696 
1.509802, 0.706171 
2.148602, 0.661604 
2.168602, 0.642907 
1.709002, 0.830125 
2.488401, 0.435164 
2.368801, 0.507347 
2.088601, 0.698212 
2.109001, 0.677784 
1.689201, 0.823489 
1.549402, 0.719611 
2.388802, 0.491793 
2.229002, 0.599058 
2.209002, 0.609938 
2.049201, 0.728267 
2.448201, 0.457197 
1.569802, 0.727687 
2.288801, 0.556979 
1.649402, 0.808263 
1.849002, 0.825739 
2.008801, 0.759628 
1.809201, 0.838759 
1.929001, 0.792919 
2.408602, 0.476442 
1.589402, 0.764011 
1.789602, 0.845918 
2.188601, 0.625633 
1.609802, 0.776903 
1.889402, 0.816051 
1.749602, 0.839094 
1.989002, 0.771304 
2.348601, 0.517380 
1.729602, 0.836350 
1.629202, 0.780947 
2.468601, 0.448091 
1.969402, 0.772552 
2.269001, 0.571094 
1.908801, 0.804030 
1.869202, 0.823742 
2.428602, 0.470044 
2.308601, 0.541976 
2.068801, 0.709585 
1.529602, 0.711212 
1.669802, 0.816171 
1.949402, 0.785690 
2.329001, 0.530657 
2.249202, 0.585604 
1.769602, 0.846799 
2.129201, 0.662533 
1.829202, 0.828716 
1.510002, 0.678762 
2.488601, 0.439211 
1.709202, 0.823790 
2.029202, 0.743058 
2.148802, 0.658159 
2.168802, 0.638951 
1.549602, 0.740176 
1.689402, 0.834418 
2.109201, 0.693448 
2.088801, 0.696144 
1.849202, 0.839173 
1.809402, 0.830597 
2.369001, 0.504369 
1.570002, 0.745027 
2.009001, 0.748295 
1.649602, 0.801167 
2.389002, 0.494248 
2.209202, 0.610094 
2.229202, 0.593096 
2.049402, 0.732881 
1.589602, 0.763665 
1.929201, 0.804171 
2.448401, 0.460313 
2.289001, 0.558451 
2.408802, 0.477094 
1.610002, 0.773480 
1.789802, 0.837902 
1.889602, 0.813375 
1.729802, 0.837891 
1.989202, 0.762809 
1.749802, 0.842065 
2.188802, 0.628732 
2.468801, 0.448648 
2.348801, 0.520824 
1.629402, 0.798612 
1.969602, 0.771684 
1.869402, 0.823846 
2.269202, 0.575570 
1.529802, 0.706650 
1.909001, 0.814286 
2.428802, 0.472396 
1.670002, 0.813218 
2.069001, 0.708758 
2.308801, 0.543946 
1.769802, 0.849324 
1.829402, 0.837683 
1.709402, 0.832857 
1.949602, 0.792167 
2.329201, 0.528695 
2.249402, 0.587999 
2.129401, 0.673700 
1.510202, 0.695487 
2.488801, 0.436179 
1.549802, 0.737196 
2.149002, 0.656938 
2.009202, 0.753368 
2.029402, 0.745207 
1.809602, 0.828189 
2.169002, 0.644875 
1.589802, 0.762335 
1.689602, 0.825115 
2.109401, 0.684839 
1.570202, 0.740439 
1.849402, 0.832235 
2.089001, 0.690757 
2.369201, 0.506549 
1.649802, 0.811847 
2.389202, 0.493816 
1.929402, 0.790878 
2.209402, 0.609490 
1.790002, 0.842478 
2.049602, 0.726921 
2.229402, 0.602180 
1.610202, 0.769266 
2.289201, 0.556031 
1.730002, 0.826528 
1.889802, 0.812752 
2.469002, 0.447864 
1.750002, 0.828649 
2.189002, 0.621694 
2.409002, 0.480920 
2.448601, 0.462156 
1.989402, 0.762540 
1.629602, 0.793842 
1.869602, 0.819054 
1.530002, 0.704150 
1.969802, 0.774000 
2.349001, 0.514347 
2.269402, 0.568411 
1.709602, 0.815239 
1.670202, 0.805212 
2.429002, 0.470907 
2.069201, 0.705690 
1.770002, 0.834746 
1.829602, 0.840729 
1.949802, 0.787052 
1.550002, 0.736065 
1.909202, 0.808877 
2.309001, 0.540618 
1.510402, 0.696556 
2.489002, 0.435856 
2.329401, 0.535065 
2.129601, 0.667250 
2.249602, 0.579322 
2.149202, 0.654754 
1.809802, 0.826090 
1.590002, 0.773538 
2.029602, 0.738033 
1.849602, 0.823068 
2.009402, 0.756085 
1.689802, 0.828695 
2.109601, 0.687485 
1.570402, 0.743942 
2.089201, 0.699827 
2.169202, 0.642332 
1.650002, 0.810000 
1.929602, 0.798774 
2.369401, 0.508164 
1.610402, 0.784668 
1.790202, 0.835121 
2.189202, 0.621017 
2.209602, 0.615246 
2.389402, 0.494619 
1.730202, 0.830843 
1.989602, 0.767310 
1.869802, 0.823778 
2.049802, 0.730403 
1.750202, 0.840541 
2.229602, 0.600180 
1.530202, 0.718238 
2.469202, 0.445399 
1.890002, 0.810834 
2.289402, 0.557067 
1.629802, 0.778739 
2.409202, 0.481920 
1.709802, 0.830826 
2.349201, 0.517995 
2.448802, 0.457754 
2.429202, 0.470352 
1.970002, 0.778794 
2.269602, 0.574263 
1.670402, 0.809312 
1.550202, 0.727892 
1.510602, 0.686424 
2.069402, 0.710862 
1.829802, 0.829525 
2.489202, 0.434740 
1.770202, 0.824994 
2.149402, 0.651167 
1.950002, 0.789044 
1.590202, 0.756555 
1.849802, 0.828816 
2.309201, 0.547371 
2.129802, 0.671617 
1.690002, 0.816665 
2.249802, 0.584203 
1.909402, 0.811105 
2.329602, 0.535125 
2.009602, 0.749477 
1.810002, 0.840553 
2.029802, 0.738447 
1.570602, 0.763080 
1.929802, 0.792727 
2.089401, 0.688116 
2.109802, 0.689178 
2.189402, 0.628515 
1.610602, 0.770657 
1.650202, 0.805829 
2.169402, 0.639579 
1.870002, 0.815727 
1.989802, 0.765613 
1.790402, 0.834915 
2.389602, 0.489867 
2.369601, 0.501695 
1.530402, 0.698883 
1.730402, 0.826390 
1.710002, 0.833288 
1.750402, 0.830893 
2.209802, 0.607492 
2.469402, 0.447295 
2.050002, 0.724071 
2.229802, 0.595129 
2.349401, 0.515417 
1.890202, 0.811924 
1.630002, 0.800744 
2.289602, 0.555708 
1.830002, 0.839899 
2.409402, 0.482753 
2.429402, 0.465942 
2.449002, 0.457786 
1.970202, 0.780794 
1.550402, 0.733789 
1.670602, 0.821026 
2.149602, 0.652479 
1.510802, 0.704940 
2.269802, 0.569357 
1.770402, 0.840308 
2.069602, 0.717191 
2.489402, 0.438499 
1.690202, 0.830981 
1.590402, 0.766544 
1.850002, 0.827576 
1.950202, 0.794752 
2.009802, 0.751976 
2.250002, 0.584681 
1.810202, 0.837352 
2.130002, 0.668721 
2.329802, 0.528512 
1.909602, 0.808741 
2.309402, 0.545151 
1.930002, 0.796831 
1.570802, 0.743330 
1.870202, 0.820962 
2.189602, 0.624979 
1.610802, 0.779451 
2.030002, 0.739759 
1.650402, 0.806405 
2.089602, 0.702014 
2.110002, 0.684957 
1.710202, 0.820719 
2.389802, 0.491223 
2.169602, 0.637638 
1.530602, 0.709860 
1.790602, 0.833954 
1.990002, 0.764084 
1.730602, 0.839562 
1.750602, 0.838177 
1.830202, 0.828737 
2.349602, 0.518350 
2.369802, 0.500480 
2.210002, 0.605340 
2.469602, 0.443443 
1.890402, 0.813558 
2.230002, 0.601026 
1.630202, 0.791070 
2.050202, 0.724793 
2.289802, 0.560486 
2.429602, 0.468728 
1.550602, 0.734795 
2.149802, 0.660293 
1.970402, 0.777928 
2.449202, 0.457871 
1.770602, 0.825616 
1.670802, 0.817468 
1.511002, 0.692573 
1.850202, 0.827981 
2.409602, 0.480552 
1.690402, 0.809496 
2.069802, 0.714717 
1.590602, 0.771229 
2.489602, 0.436521 
1.930202, 0.795159 
2.270002, 0.565433 
2.010002, 0.756506 
1.950402, 0.794646 
1.810402, 0.834350 
1.909802, 0.814386 
2.130202, 0.669187 
2.250202, 0.584873 
1.611002, 0.784769 
2.189802, 0.623765 
2.330002, 0.532793 
2.309602, 0.542211 
1.571002, 0.747910 
1.870402, 0.810573 
2.089802, 0.692123 
1.710402, 0.818084 
1.650602, 0.818304 
2.030202, 0.746498 
1.530802, 0.728903 
1.830402, 0.837159 
2.110202, 0.683865 
1.990202, 0.772368 
1.790802, 0.842078 
1.730802, 0.828170 
1.750802, 0.832149 
2.169802, 0.637771 
2.390002, 0.493449 
2.349802, 0.521520 
2.370002, 0.505411 
2.230202, 0.600423 
2.469802, 0.445205 
2.290002, 0.558535 
2.070002, 0.706002 
1.550802, 0.750374 
1.890602, 0.819601 
2.210202, 0.606693 
1.850402, 0.835698 
1.630402, 0.801889 
1.671002, 0.820337 
1.770802, 0.836883 
2.429802, 0.470663 
2.050402, 0.717194 
1.511202, 0.682681 
2.409802, 0.477399 
1.690602, 0.819398 
2.489802, 0.435708 
1.590802, 0.775910 
2.150002, 0.661138 
1.970602, 0.783402 
2.449402, 0.458568 
1.930402, 0.790053 
1.810602, 0.830356 
2.010202, 0.751607 
1.950602, 0.786567 
2.270202, 0.571063 
1.611202, 0.775959 
2.130402, 0.666872 
1.531002, 0.700720 
1.910002, 0.804092 
1.571202, 0.732217 
2.190002, 0.627116 
2.309802, 0.544030 
1.870602, 0.826644 
1.650802, 0.800797 
2.250402, 0.583744 
1.710602, 0.837356 
2.330202, 0.530493 
2.090002, 0.700665 
2.030402, 0.732017 
1.791002, 0.836651 
1.990402, 0.766756 
1.830602, 0.835543 
2.110402, 0.682075 
1.731002, 0.840860 
1.751002, 0.835410 
2.070202, 0.710170 
1.551002, 0.721980 
2.390202, 0.490335 
2.170002, 0.642482 
2.350002, 0.517161 
2.430002, 0.470523 
1.850602, 0.836346 
2.230402, 0.592270 
1.671202, 0.804871 
2.370202, 0.501742 
1.591002, 0.758370 
2.290202, 0.557072 
2.210402, 0.614506 
1.890802, 0.813113 
2.470002, 0.447471 
1.630602, 0.785725 
1.511402, 0.679357 
2.410002, 0.479992 
2.490002, 0.431912 
1.771002, 0.832778 
1.690802, 0.816025 
1.810802, 0.835308 
2.050602, 0.728240 
2.150202, 0.655148 
1.930602, 0.803600 
1.970802, 0.774161 
2.449602, 0.458549 
2.010402, 0.750521 
1.531202, 0.707809 
1.950802, 0.783689 
1.611402, 0.777330 
2.270402, 0.571677 
1.571402, 0.751029 
2.130602, 0.672345 
1.870802, 0.816907 
1.651002, 0.794362 
2.310002, 0.541906 
1.710802, 0.822594 
2.190202, 0.628256 
1.910202, 0.799332 
2.250602, 0.578846 
2.330402, 0.526574 
2.090202, 0.696350 
2.030602, 0.733586 
1.830802, 0.824495 
1.990602, 0.755415 
1.551202, 0.732939 
1.791202, 0.841009 
1.751202, 0.839288 
1.731202, 0.824225 
2.070402, 0.705719 
1.850802, 0.830585 
2.110602, 0.681765 
1.591202, 0.755625 
2.430202, 0.469471 
2.170202, 0.639714 
2.350202, 0.513686 
2.390402, 0.497040 
2.230602, 0.590398 
1.811002, 0.840787 
2.490202, 0.435663 
1.671402, 0.823963 
2.210602, 0.609494 
1.511602, 0.681240 
1.691002, 0.830026 
2.370402, 0.502738 
1.630802, 0.799081 
2.410202, 0.481496 
2.290402, 0.561061 
2.470202, 0.446719 
1.891002, 0.812889 
1.771202, 0.842479 
2.050802, 0.729303 
2.150402, 0.660010 
1.531402, 0.704918 
1.930802, 0.796271 
1.971002, 0.770624 
2.010602, 0.754506 
2.449802, 0.458083 
1.871002, 0.827584 
1.611602, 0.777752 
1.951002, 0.784963 
1.711002, 0.815168 
2.190402, 0.623676 
1.651202, 0.798035 
2.130802, 0.674710 
1.571602, 0.755483 
2.270602, 0.567424 
2.310202, 0.541457 
1.831002, 0.833824 
2.250802, 0.584841 
2.090402, 0.700811 
1.910402, 0.805502 
1.551402, 0.733200 
2.030802, 0.738964 
2.330602, 0.531229 
1.990802, 0.768132 
1.791402, 0.832123 
2.070602, 0.710507 
1.751402, 0.835425 
1.731402, 0.839368 
1.851002, 0.825833 
1.591402, 0.770088 
1.691202, 0.821054 
2.350402, 0.518945 
2.430402, 0.467777 
2.110802, 0.683981 
1.511802, 0.686079 
1.671602, 0.807093 
1.811202, 0.835183 
2.230802, 0.595780 
2.170402, 0.638213 
1.631002, 0.800978 
2.490402, 0.436461 
2.390602, 0.498144 
2.470402, 0.441401 
2.210802, 0.612885 
1.531602, 0.717749 
1.771402, 0.847274 
2.410402, 0.480166 
1.891202, 0.805903 
2.370602, 0.503725 
2.290602, 0.554870 
2.150602, 0.657446 
1.971202, 0.773486 
2.051002, 0.727111 
1.871202, 0.823573 
1.931002, 0.800403 
2.010802, 0.747786 
1.951202, 0.794559 
1.651402, 0.796330 
1.711202, 0.821133 
1.611802, 0.782971 
1.571802, 0.747582 
2.450002, 0.458174 
2.190602, 0.620198 
1.831202, 0.833640 
1.551602, 0.744311 
2.131002, 0.668330 
2.270802, 0.570722 
2.310402, 0.542697 
1.991002, 0.760297 
2.090602, 0.694342 
2.251002, 0.576153 
2.031002, 0.724837 
2.070802, 0.712213 
1.851202, 0.826666 
1.910602, 0.809407 
1.591602, 0.755200 
1.731602, 0.829582 
1.691402, 0.822982 
1.751602, 0.844665 
1.791602, 0.836167 
2.330802, 0.528719 
1.531802, 0.706432 
2.350602, 0.513253 
2.430602, 0.468366 
1.512002, 0.693061 
1.811402, 0.836352 
1.671802, 0.816197 
2.111002, 0.683589 
2.231002, 0.601349 
1.631202, 0.789952 
1.771602, 0.838795 
2.410602, 0.478230 
2.470602, 0.444845 
1.871402, 0.824593 
2.211002, 0.607926 
2.170602, 0.640614 
2.490602, 0.437288 
2.390802, 0.490099 
2.150802, 0.651594 
2.290802, 0.558350 
1.891402, 0.822466 
1.971402, 0.776518 
2.370802, 0.504267 
2.011002, 0.752026 
1.951402, 0.790250 
1.931202, 0.792218 
1.711402, 0.833276 
2.051202, 0.730065 
1.572002, 0.751538 
1.651602, 0.796542 
1.612002, 0.784403 
1.551802, 0.730865 
1.831402, 0.833909 
2.190802, 0.619419 
2.450202, 0.455276 
2.131202, 0.670344 
1.991202, 0.769415 
2.271002, 0.570555 
2.071002, 0.710955 
1.691602, 0.834603 
1.591802, 0.769254 
2.031202, 0.737844 
2.310602, 0.542167 
1.532002, 0.702328 
1.731802, 0.840145 
1.910802, 0.811785 
1.791802, 0.837531 
1.851402, 0.827773 
2.090802, 0.700122 
2.251202, 0.580827 
1.751802, 0.838122 
2.331002, 0.526084 
2.430802, 0.465984 
1.811602, 0.826255 
2.350802, 0.515377 
1.512202, 0.682547 
2.111202, 0.682484 
1.771802, 0.842990 
2.410802, 0.477962 
1.672002, 0.818655 
2.231202, 0.596407 
1.631402, 0.789425 
2.470802, 0.449312 
1.871602, 0.828334 
2.211202, 0.611432 
2.151002, 0.657392 
1.711602, 0.826713 
2.490802, 0.434900 
2.170802, 0.640550 
1.572202, 0.742098 
2.011202, 0.756285 
2.391002, 0.490464 
1.971602, 0.772988 
2.371002, 0.503252 
2.291002, 0.556473 
1.891602, 0.812538 
1.931402, 0.799209 
1.552002, 0.714321 
1.951602, 0.790229 
2.191002, 0.622534 
1.651802, 0.798966 
1.612202, 0.782587 
2.051402, 0.731190 
1.831602, 0.836173 
1.691802, 0.821342 
2.450402, 0.458072 
2.131402, 0.669390 
2.071202, 0.703456 
1.532202, 0.694286 
1.991402, 0.764985 
1.592002, 0.763052 
2.271202, 0.573891 
1.851602, 0.819643 
1.811802, 0.836046 
2.031402, 0.731795 
2.310802, 0.542544 
1.512402, 0.683405 
1.732002, 0.829058 
1.792002, 0.833703 
1.752002, 0.834202 
1.911002, 0.802615 
2.091002, 0.693743 
2.431002, 0.470895 
2.251402, 0.574974 
2.351002, 0.514656 
2.331202, 0.525052 
1.772002, 0.833681 
2.411002, 0.483265 
2.111402, 0.683954 
1.672202, 0.814746 
1.631602, 0.791467 
1.871802, 0.822045 
2.151202, 0.652869 
2.231402, 0.594759 
2.011402, 0.762023 
2.211402, 0.607293 
2.471002, 0.443111 
1.552202, 0.731492 
2.491002, 0.436299 
1.572402, 0.740902 
1.711802, 0.819133 
1.931602, 0.801443 
2.391202, 0.495003 
2.171002, 0.638130 
2.191202, 0.626682 
1.971802, 0.776975 
2.371202, 0.507135 
1.891802, 0.821181 
2.291202, 0.556900 
1.612402, 0.784338 
1.652002, 0.811506 
1.951802, 0.785429 
1.692002, 0.827144 
2.450602, 0.456879 
1.831802, 0.828646 
2.051602, 0.727133 
2.071402, 0.705782 
1.592202, 0.769811 
1.532402, 0.713642 
2.131602, 0.666765 
1.851802, 0.825634 
2.271402, 0.570382 
1.812002, 0.826376 
1.991602, 0.761316 
1.512602, 0.701797 
2.031602, 0.735565 
1.752202, 0.831334 
2.311002, 0.540646 
1.792202, 0.841383 
1.732202, 0.843179 
2.431202, 0.468048 
2.331402, 0.530633 
2.411202, 0.479346 
2.351202, 0.518276 
2.091202, 0.699840 
1.911202, 0.807194 
1.672402, 0.810016 
1.772202, 0.845742 
2.251602, 0.582360 
2.151402, 0.660861 
1.631802, 0.802306 
1.712002, 0.834644 
1.552402, 0.728485 
2.011602, 0.742827 
2.491202, 0.436328 
1.872002, 0.814674 
2.111602, 0.684510 
2.191402, 0.615009 
1.931802, 0.796094 
1.572602, 0.746453 
2.471202, 0.447984 
2.211602, 0.613796 
2.231602, 0.598477 
1.692202, 0.820213 
2.371402, 0.501665 
1.892002, 0.812759 
1.612602, 0.782892 
2.391402, 0.492293 
1.972002, 0.774936 
2.171202, 0.636731 
2.291402, 0.558904 
1.652202, 0.799888 
1.852002, 0.825116 
1.952002, 0.782992 
1.592402, 0.766114 
1.832002, 0.835077 
1.532602, 0.716208 
2.051802, 0.721975 
2.071602, 0.712133 
2.450802, 0.453468 
1.812202, 0.837368 
1.991802, 0.756987 
1.512802, 0.707120 
2.131802, 0.665324 
2.271602, 0.565563 
2.031802, 0.744750 
1.752402, 0.831882 
1.792402, 0.836336 
1.732402, 0.833837 
2.431402, 0.463726 
2.311202, 0.539645 
2.251802, 0.584721 
2.331602, 0.531078 
1.672602, 0.816283 
2.351402, 0.513991 
2.091402, 0.694934 
1.772402, 0.837319 
1.552602, 0.736420 
1.872202, 0.818057 
2.191602, 0.629763 
2.411402, 0.480592 
2.151602, 0.654931 
2.011802, 0.740002 
1.712202, 0.821509 
2.491402, 0.435066 
1.632002, 0.799419 
1.911402, 0.807646 
1.572802, 0.753435 
2.111802, 0.684076 
1.932002, 0.800320 
1.692402, 0.819350 
2.471402, 0.447273 
2.231802, 0.593343 
2.211802, 0.607033 
2.291602, 0.555483 
1.592602, 0.759058 
1.972202, 0.776132 
1.612802, 0.775110 
1.892202, 0.815826 
2.371602, 0.506383 
1.532802, 0.719443 
1.832202, 0.836129 
2.391602, 0.494407 
2.171402, 0.638876 
1.652402, 0.806912 
1.852202, 0.831727 
1.952202, 0.774907 
2.071802, 0.709507 
1.812402, 0.830468 
2.451002, 0.455352 
2.052002, 0.725291 
1.513002, 0.677694 
1.992002, 0.757022 
2.032002, 0.732696 
2.132002, 0.669292 
2.271802, 0.567978 
2.431602, 0.466854 
1.752602, 0.826200 
1.792602, 0.837268 
1.732602, 0.826980 
2.151802, 0.656414 
1.552802, 0.731969 
2.191802, 0.622781 
2.311402, 0.542205 
2.351602, 0.520838 
1.872402, 0.820408 
2.252002, 0.583944 
1.672802, 0.813758 
1.573002, 0.738624 
2.112002, 0.679066 
1.772602, 0.842509 
2.331802, 0.526687 
1.692602, 0.834209 
1.632202, 0.785227 
2.012002, 0.761847 
1.712402, 0.821771 
2.091602, 0.697368 
1.932202, 0.796019 
2.411602, 0.481510 
2.491602, 0.437508 
1.911602, 0.800998 
1.592802, 0.770183 
2.232002, 0.589365 
2.471602, 0.443838 
2.291802, 0.560001 
1.972402, 0.781954 
1.832402, 0.832923 
1.652602, 0.800328 
2.212002, 0.607600 
1.533002, 0.722075 
1.613002, 0.776898 
1.852402, 0.831003 
2.171602, 0.638112 
1.892402, 0.809156 
2.072002, 0.710324 
2.371802, 0.500271 
1.952402, 0.783777 
2.391802, 0.489845 
1.812602, 0.840459 
2.451202, 0.457081 
1.992202, 0.764011 
1.513202, 0.692258 
2.152002, 0.648875 
2.052202, 0.726672 
2.431802, 0.466909 
2.032202, 0.736655 
1.553002, 0.732073 
2.192002, 0.615899 
2.272002, 0.572332 
1.752802, 0.834027 
2.351802, 0.513184 
2.132202, 0.666324 
1.792802, 0.837846 
1.732802, 0.840601 
1.872602, 0.821520 
1.692802, 0.822892 
2.411802, 0.478244 
1.573202, 0.757044 
1.932402, 0.794912 
1.673002, 0.824818 
2.252202, 0.576134 
1.593002, 0.757683 
1.772802, 0.837897 
2.491802, 0.432288 
2.311602, 0.538576 
2.112202, 0.682750 
1.632402, 0.788835 
2.012202, 0.749790 
1.533202, 0.713262 
1.712602, 0.824372 
2.332002, 0.528476 
2.091802, 0.692766 
1.832602, 0.834514 
1.852602, 0.834129 
2.471802, 0.446264 
1.911802, 0.803684 
1.652802, 0.814716 
2.072202, 0.712793 
1.613202, 0.772113 
1.972602, 0.772515 
2.232202, 0.595689 
1.812802, 0.842377 
2.292002, 0.550013 
2.171802, 0.641841 
2.212202, 0.609249 
1.892602, 0.815167 
2.392002, 0.487238 
2.451402, 0.457047 
1.952602, 0.783257 
1.553202, 0.718122 
2.372002, 0.503134 
2.152202, 0.655419 
1.513402, 0.690100 
1.992402, 0.750751 
2.192202, 0.624711 
2.432002, 0.469457 
1.872802, 0.821649 
2.052402, 0.724615 
2.352002, 0.517572 
1.693002, 0.818094 
2.032402, 0.739450 
1.753002, 0.841093 
1.932602, 0.793721 
1.733002, 0.832166 
1.593202, 0.769626 
2.272202, 0.564925 
1.793002, 0.849616 
2.132402, 0.669498 
2.412002, 0.477946 
1.533402, 0.707660 
1.573402, 0.755511 
1.673202, 0.820215 
2.492002, 0.432812 
1.632602, 0.794614 
1.852802, 0.827481 
2.252402, 0.578459 
1.773002, 0.836546 
1.832802, 0.831421 
2.311802, 0.541370 
2.112402, 0.680039 
1.712802, 0.844962 
2.472002, 0.442715 
2.012402, 0.739843 
2.092002, 0.695861 
2.072402, 0.713702 
2.332202, 0.528657 
1.813002, 0.833376 
1.653002, 0.814155 
1.613402, 0.784594 
2.232402, 0.592430 
1.553402, 0.729658 
1.972802, 0.765348 
2.172002, 0.640524 
1.912002, 0.808990 
2.292202, 0.552264 
2.451602, 0.455830 
2.152402, 0.653158 
2.212402, 0.604696 
1.892802, 0.805592 
1.952802, 0.782630 
2.192402, 0.629427 
1.513602, 0.695371 
2.392202, 0.486575 
1.873002, 0.824691 
2.432202, 0.468777 
2.352202, 0.513665 
1.693202, 0.826455 
2.372202, 0.499009 
1.932802, 0.792392 
1.992602, 0.758843 
1.593402, 0.763681 
1.533602, 0.715224 
2.052602, 0.722358 
1.753202, 0.841775 
2.032602, 0.737935 
2.412202, 0.479590 
1.793202, 0.836997 
1.733202, 0.828190 
2.492202, 0.435666 
2.132602, 0.670982 
1.573602, 0.752267 
2.272402, 0.562365 
1.853002, 0.830265 
1.673402, 0.816548 
2.472202, 0.447678 
1.833002, 0.827155 
1.632802, 0.799335 
1.813202, 0.838571 
2.072602, 0.712411 
1.773202, 0.833790 
2.252602, 0.585234 
1.713002, 0.832379 
2.112602, 0.679284 
2.312002, 0.543072 
1.553602, 0.718960 
2.012602, 0.747904 
2.332402, 0.525669 
2.092202, 0.699194 
2.152602, 0.649098 
1.653202, 0.815134 
1.613602, 0.783630 
2.451802, 0.456567 
1.973002, 0.776521 
2.192602, 0.627217 
2.232602, 0.594938 
1.933002, 0.797514 
2.352402, 0.513724 
2.212602, 0.611171 
2.172202, 0.646653 
1.873202, 0.823396 
1.693402, 0.823254 
1.893002, 0.811149 
2.292402, 0.556578 
1.912202, 0.803472 
2.432402, 0.464288 
1.593602, 0.763873 
1.513802, 0.672590 
1.533802, 0.712917 
1.953002, 0.783080 
2.392402, 0.493601 
2.372402, 0.502778 
2.412402, 0.481462 
1.992802, 0.765060 
1.753402, 0.843272 
2.492402, 0.433452 
1.853202, 0.826388 
1.793402, 0.836170 
2.032802, 0.739376 
2.472402, 0.444423 
2.052802, 0.722586 
1.733402, 0.839726 
1.833202, 0.828917 
1.553802, 0.737884 
1.673602, 0.808665 
1.573802, 0.751468 
1.813402, 0.841968 
2.072802, 0.704380 
2.132802, 0.662148 
2.272602, 0.560601 
1.633002, 0.801479 
1.773402, 0.842748 
2.312202, 0.537731 
2.252802, 0.581014 
1.713202, 0.816478 
2.112802, 0.685148 
2.152802, 0.655867 
2.012802, 0.752172 
2.452002, 0.458175 
2.092402, 0.697179 
2.192802, 0.630213 
1.653402, 0.815141 
1.693602, 0.819945 
1.613802, 0.780274 
2.332602, 0.522046 
1.933202, 0.792739 
1.593802, 0.756084 
2.352602, 0.517091 
1.873402, 0.816118 
1.973202, 0.767992 
1.534002, 0.714543 
2.432602, 0.464303 
2.232802, 0.593624 
1.514002, 0.687257 
2.172402, 0.641944 
1.893202, 0.808358 
2.412602, 0.478008 
2.212802, 0.608673 
2.292602, 0.558847 
1.953202, 0.782860 
1.912402, 0.800863 
1.833402, 0.843100 
1.993002, 0.758362 
1.853402, 0.822913 
2.472602, 0.443727 
1.554002, 0.730898 
2.392602, 0.488541 
2.053002, 0.721616 
2.372602, 0.501735 
2.492602, 0.434207 
1.813602, 0.852710 
1.753602, 0.826576 
1.793602, 0.845918 
1.574002, 0.741512 
1.733602, 0.832816 
2.073002, 0.709010 
2.033002, 0.740841 
1.673802, 0.811095 
2.133002, 0.663081 
1.633202, 0.804883 
1.773602, 0.844542 
2.153002, 0.653224 
1.693802, 0.828013 
2.272802, 0.565731 
1.713402, 0.835665 
2.452202, 0.454763 
2.113002, 0.675688 
1.594002, 0.766792 
2.312402, 0.541264 
2.253002, 0.585493 
2.193002, 0.619686 
1.534202, 0.712735 
2.352802, 0.519685 
2.013002, 0.749870 
1.873602, 0.815245 
1.933402, 0.791463 
1.614002, 0.774980 
1.653602, 0.813725 
2.432802, 0.474015 
2.092602, 0.695067 
2.332802, 0.519051 
2.412802, 0.482436 
1.973402, 0.769977 
2.172602, 0.642211 
1.514202, 0.708281 
1.554202, 0.735480 
1.833602, 0.830030 
2.233002, 0.591876 
2.472802, 0.443841 
1.853602, 0.831989 
1.893402, 0.810880 
1.813802, 0.833452 
2.053202, 0.710562 
2.292802, 0.557339 
2.213002, 0.606739 
1.953402, 0.786427 
2.073202, 0.704700 
2.492802, 0.435855 
1.993202, 0.765291 
1.912602, 0.798743 
2.392802, 0.496416 
1.574202, 0.760572 
1.753802, 0.824754 
1.793802, 0.832237 
2.372802, 0.501606 
1.733802, 0.828700 
2.033202, 0.731825 
1.674002, 0.811418 
1.694002, 0.836549 
1.633402, 0.802570 
2.153202, 0.653092 
2.133202, 0.661108 
1.773802, 0.842450 
1.594202, 0.763719 
1.534402, 0.711545 
1.873802, 0.811652 
1.713602, 0.841621 
2.273002, 0.567277 
2.452402, 0.455043 
1.933602, 0.802522 
2.193202, 0.624019 
2.353002, 0.516818 
2.433002, 0.466263 
2.013202, 0.744969 
2.113202, 0.677063 
1.653802, 0.799903 
2.312602, 0.545653 
2.253202, 0.581138 
1.554402, 0.729791 
1.614202, 0.777555 
1.833802, 0.834935 
2.413002, 0.475699 
1.514402, 0.685777 
2.092802, 0.700917 
1.853802, 0.826082 
2.333002, 0.525883 
2.053402, 0.720634 
1.814002, 0.839989 
2.073402, 0.706236 
1.973602, 0.772575 
2.473002, 0.445148 
2.172802, 0.640640 
2.493002, 0.434302 
2.233202, 0.591647 
1.893602, 0.803970 
2.213202, 0.606349 
1.953602, 0.784186 
2.293002, 0.553704 
1.574402, 0.739852 
1.754002, 0.831419 
1.993402, 0.762415 
1.694202, 0.819478 
1.794002, 0.840557 
1.912802, 0.801133 
2.393002, 0.488078 
1.734002, 0.834689 
2.153402, 0.645358 
1.674202, 0.826820 
2.373002, 0.502589 
2.033402, 0.743455 
1.633602, 0.784651 
1.534602, 0.719205 
1.874002, 0.822066 
1.594402, 0.772972 
1.774002, 0.839342 
1.933802, 0.787274 
2.133402, 0.668583 
1.713802, 0.829442 
2.193402, 0.626986 
2.433202, 0.464043 
1.554602, 0.732671 
2.452602, 0.456729 
2.353202, 0.517912 
1.834002, 0.834860 
2.273202, 0.569292 
2.013402, 0.749860 
2.113402, 0.687349 
2.413202, 0.479172 
1.654002, 0.807828 
1.614402, 0.781772 
1.854002, 0.821354 
2.312802, 0.543465 
1.814202, 0.833420 
2.053602, 0.721851 
1.514602, 0.689759 
2.253402, 0.583233 
2.073602, 0.703057 
2.093002, 0.691434 
2.473202, 0.448192 
2.493202, 0.434681 
2.333202, 0.523973 
1.973802, 0.782512 
1.893802, 0.808859 
2.173002, 0.632674 
1.694402, 0.832858 
2.233402, 0.595179 
1.574602, 0.743257 
1.534802, 0.720011 
1.953802, 0.775963 
2.153602, 0.650190 
2.213402, 0.612518 
2.293202, 0.553441 
1.594602, 0.767211 
1.754202, 0.829135 
1.794202, 0.835942 
1.993602, 0.757989 
1.874202, 0.828295 
1.734202, 0.838830 
1.554802, 0.741685 
1.934002, 0.792040 
1.674402, 0.812199 
1.633802, 0.798680 
2.393202, 0.491922 
2.193602, 0.618385 
2.033602, 0.736818 
1.913002, 0.798466 
2.433402, 0.465400 
1.774202, 0.842230 
2.373202, 0.503159 
1.834202, 0.829044 
1.714002, 0.822908 
2.353402, 0.516643 
2.452802, 0.455143 
2.133602, 0.665921 
1.854202, 0.823411 
2.413402, 0.480562 
1.814402, 0.826288 
2.073802, 0.708584 
2.053802, 0.719198 
1.654202, 0.812242 
1.614602, 0.794397 
2.013602, 0.752504 
2.273402, 0.572270 
2.113602, 0.680650 
1.514802, 0.709840 
2.313002, 0.546516 
2.473402, 0.441876 
2.493402, 0.433515 
1.694602, 0.824591 
2.253602, 0.583659 
2.093202, 0.692710 
1.594802, 0.764327 
2.153802, 0.655384 
1.535002, 0.718345 
2.333402, 0.527271 
1.974002, 0.768982 
1.894002, 0.803722 
1.574802, 0.757337 
2.173202, 0.640008 
1.874402, 0.816418 
1.555002, 0.732835 
1.954002, 0.782366 
1.754402, 0.841019 
1.934202, 0.796207 
2.233602, 0.595731 
2.193802, 0.617443 
2.293402, 0.555257 
1.794402, 0.838866 
2.213602, 0.609087 
1.834402, 0.829233 
1.993802, 0.758944 
1.734402, 0.833917 
2.433602, 0.465457 
1.674602, 0.808677 
1.634002, 0.792478 
2.033802, 0.733114 
2.353602, 0.515047 
2.393402, 0.490057 
1.774402, 0.835698 
1.913202, 0.797479 
2.453002, 0.454169 
1.714202, 0.833321 
1.854402, 0.821822 
2.373402, 0.503806 
1.814602, 0.831571 
2.054002, 0.730242 
2.413602, 0.470842 
2.133802, 0.661887 
2.074002, 0.711500 
1.614802, 0.784105 
1.654402, 0.803759 
1.694802, 0.821831 
1.515002, 0.716293 
1.595003, 0.770807 
2.013802, 0.745208 
2.493602, 0.434289 
2.473602, 0.441413 
2.113802, 0.681587 
2.273602, 0.572665 
2.313202, 0.544196 
2.154002, 0.651705 
1.535203, 0.713636 
1.555202, 0.727417 
2.093402, 0.687308 
2.253802, 0.577187 
1.874602, 0.820202 
1.575002, 0.758752 
1.934402, 0.792774 
2.333602, 0.528387 
1.974202, 0.773092 
1.894202, 0.814765 
2.194002, 0.620401 
1.834602, 0.822436 
2.233802, 0.602452 
1.754602, 0.844709 
1.954202, 0.779411 
2.433802, 0.464368 
2.173402, 0.634411 
1.734602, 0.833390 
1.794602, 0.840587 
1.994002, 0.756866 
1.634202, 0.795835 
2.293602, 0.552787 
2.213802, 0.608985 
2.353802, 0.514706 
1.674802, 0.822279 
1.814802, 0.844338 
1.854602, 0.825559 
1.774602, 0.842562 
2.413802, 0.474779 
2.074202, 0.706861 
1.714402, 0.829215 
2.453202, 0.456153 
2.034002, 0.735476 
2.054202, 0.725153 
1.595203, 0.768756 
2.393602, 0.489894 
1.913402, 0.808174 
1.695002, 0.822424 
2.493802, 0.431572 
2.373602, 0.498949 
2.134002, 0.668754 
1.615003, 0.776290 
1.654602, 0.804016 
1.555403, 0.737126 
1.515203, 0.690192 
2.154202, 0.646524 
2.473802, 0.445574 
1.535403, 0.705235 
2.014002, 0.747134 
2.273802, 0.571459 
2.114002, 0.677565 
2.313402, 0.542466 
1.934602, 0.785163 
1.874802, 0.810127 
2.093602, 0.696677 
1.575202, 0.751854 
1.834803, 0.833492 
2.194202, 0.621324 
2.254002, 0.580851 
1.974402, 0.775429 
2.434002, 0.466592 
1.894402, 0.821994 
2.333802, 0.530223 
2.354002, 0.509737 
1.954402, 0.786741 
1.754802, 0.839014 
2.234002, 0.599577 
1.734802, 0.838069 
1.794802, 0.834897 
2.173602, 0.628932 
1.815002, 0.838109 
1.634402, 0.796540 
1.675002, 0.814039 
1.854802, 0.817439 
2.074402, 0.711671 
1.994202, 0.758594 
1.595403, 0.769831 
2.414002, 0.480884 
2.054402, 0.723531 
2.214002, 0.609352 
2.494002, 0.429094 
2.293802, 0.552445 
1.774802, 0.844725 
1.695202, 0.838253 
2.453402, 0.454244 
1.714602, 0.836866 
2.034202, 0.727470 
1.615203, 0.770637 
1.555603, 0.734331 
1.913602, 0.810482 
1.654802, 0.813647 
2.393802, 0.492244 
2.134202, 0.662526 
2.154402, 0.652580 
2.373802, 0.500855 
1.535603, 0.711891 
2.474002, 0.446328 
1.515403, 0.694631 
1.875003, 0.819189 
2.014202, 0.753648 
1.934802, 0.793577 
2.114202, 0.679789 
2.274002, 0.571231 
2.194402, 0.623633 
1.835003, 0.829067 
2.313602, 0.535404 
1.575402, 0.761332 
2.434202, 0.468778 
2.093802, 0.695896 
2.354202, 0.516841 
1.974602, 0.770200 
1.894602, 0.811193 
2.254202, 0.588016 
1.815202, 0.833960 
1.595603, 0.781711 
1.735003, 0.828480 
1.954602, 0.781218 
1.855003, 0.816666 
2.074602, 0.706881 
1.755002, 0.835051 
2.334002, 0.527456 
1.795002, 0.840367 
2.234202, 0.594593 
1.675202, 0.817687 
1.695403, 0.824140 
2.414202, 0.477458 
1.634602, 0.801529 
2.054602, 0.716425 
2.494202, 0.432415 
2.173802, 0.638458 
1.994402, 0.761593 
1.775002, 0.836534 
1.555803, 0.743474 
1.714803, 0.836131 
1.535803, 0.708503 
2.453602, 0.451892 
2.214202, 0.607042 
2.294002, 0.556340 
1.615403, 0.773297 
2.034402, 0.732033 
2.154603, 0.648429 
2.474202, 0.448156 
1.655002, 0.815671 
1.515603, 0.674125 
2.134402, 0.667212 
1.913802, 0.799805 
1.935002, 0.793455 
1.875203, 0.822442 
2.394002, 0.492884 
2.374002, 0.504235 
1.835203, 0.829759 
2.194602, 0.619415 
2.014402, 0.744429 
2.434402, 0.464147 
2.114402, 0.675540 
1.575603, 0.745273 
2.274202, 0.564597 
1.595803, 0.770289 
2.354402, 0.513931 
1.815403, 0.828946 
2.313802, 0.548501 
2.094002, 0.691692 
2.074802, 0.714599 
1.695603, 0.833331 
1.894802, 0.808471 
2.054802, 0.730136 
1.974802, 0.777718 
1.855203, 0.830473 
1.735203, 0.832469 
1.954803, 0.783547 
1.755203, 0.846049 
2.414402, 0.480948 
2.494402, 0.434071 
2.254402, 0.581557 
1.556003, 0.727913 
1.536003, 0.713187 
1.634802, 0.791879 
1.795202, 0.836809 
1.675403, 0.813718 
2.453802, 0.455097 
2.234402, 0.600633 
2.334202, 0.524646 
2.174002, 0.635687 
1.775203, 0.841535 
1.994602, 0.762843 
1.715003, 0.837424 
2.214402, 0.607698 
2.294202, 0.548566 
2.154803, 0.655417 
2.034602, 0.735988 
1.875403, 0.820560 
1.615603, 0.783025 
2.474402, 0.447242 
1.655203, 0.819821 
1.935202, 0.798743 
1.515803, 0.695803 
2.194803, 0.622015 
1.835403, 0.824908 
2.134602, 0.669342 
1.914002, 0.798940 
1.596003, 0.766499 
2.394202, 0.490589 
2.374202, 0.498318 
2.434602, 0.460788 
1.815603, 0.837512 
1.575803, 0.752437 
2.014602, 0.754954 
2.354602, 0.518802 
1.695803, 0.830183 
2.075002, 0.708232 
2.274402, 0.563050 
2.114602, 0.676854 
1.855403, 0.816717 
2.055002, 0.721489 
1.556203, 0.734745 
1.536203, 0.714297 
2.314002, 0.537633 
2.414603, 0.478447 
1.735403, 0.835211 
2.094202, 0.691022 
1.895002, 0.812379 
1.975003, 0.762921 
1.755403, 0.832405 
2.454002, 0.456088 
2.494602, 0.437897 
1.955003, 0.781411 
1.795403, 0.837728 
1.635002, 0.800552 
2.254602, 0.580164 
1.675603, 0.824174 
2.234602, 0.589066 
1.875603, 0.818369 
1.775403, 0.834230 
2.334402, 0.528583 
1.715203, 0.829741 
2.155003, 0.651509 
1.994802, 0.754717 
2.174202, 0.635554 
1.935403, 0.785855 
2.034802, 0.731949 
1.615803, 0.782498 
2.294402, 0.550571 
2.474602, 0.444296 
1.655403, 0.788897 
2.214602, 0.604343 
1.835603, 0.828196 
2.195003, 0.620817 
1.516003, 0.709818 
1.596203, 0.773013 
2.434803, 0.465986 
1.815803, 0.826039 
1.696003, 0.832864 
1.914202, 0.802932 
2.134802, 0.665488 
2.075202, 0.713429 
1.576003, 0.742725 
2.354802, 0.513685 
2.394403, 0.490915 
2.374402, 0.499120 
1.855603, 0.820796 
1.556403, 0.741325 
1.536403, 0.720597 
2.014802, 0.745140 
2.055202, 0.718202 
2.414803, 0.481211 
2.274602, 0.566168 
2.114802, 0.681012 
2.494802, 0.434386 
1.735603, 0.845042 
2.314202, 0.535988 
1.975203, 0.782547 
1.755603, 0.832574 
1.875803, 0.817501 
1.895203, 0.813313 
2.094402, 0.691653 
2.454202, 0.452740 
1.955203, 0.779136 
1.635203, 0.800823 
1.935603, 0.797011 
1.675803, 0.813548 
1.795603, 0.840977 
2.155203, 0.649195 
2.254802, 0.576979 
1.775603, 0.834838 
2.234802, 0.600258 
1.995003, 0.766774 
1.715403, 0.827594 
2.334602, 0.530360 
1.616003, 0.773209 
1.835803, 0.828685 
2.474802, 0.443620 
2.174402, 0.632846 
1.596403, 0.771135 
2.195203, 0.627133 
2.035002, 0.731179 
1.655603, 0.811054 
2.435003, 0.463771 
1.516203, 0.693057 
2.214803, 0.610117 
1.816003, 0.832866 
2.294602, 0.549614 
1.696203, 0.824548 
2.075402, 0.707946 
1.556603, 0.729292 
1.536603, 0.721877 
1.855803, 0.821540 
1.576203, 0.750441 
2.355002, 0.513740 
2.495003, 0.429067 
2.135002, 0.671177 
1.914402, 0.814729 
2.055403, 0.718129 
2.415003, 0.476076 
2.374602, 0.501863 
2.394603, 0.483460 
1.876003, 0.831102 
2.015002, 0.745893 
1.935803, 0.788257 
2.115002, 0.676891 
2.274802, 0.566954 
1.735803, 0.829899 
1.755803, 0.839365 
2.454402, 0.454398 
2.155403, 0.645994 
2.314402, 0.543820 
1.895403, 0.807737 
2.094602, 0.695979 
1.975403, 0.772198 
1.635403, 0.792182 
1.955403, 0.782993 
1.676003, 0.824962 
1.795803, 0.841086 
1.836003, 0.839328 
1.596603, 0.773603 
2.475003, 0.446056 
1.715603, 0.832749 
1.616203, 0.782229 
2.255002, 0.578983 
1.775803, 0.844561 
1.995203, 0.759059 
2.195403, 0.623916 
1.816203, 0.839851 
2.435203, 0.469316 
2.235003, 0.591884 
2.174603, 0.632993 
2.035203, 0.725617 
2.334802, 0.526420 
2.075603, 0.708877 
1.556803, 0.731615 
1.696403, 0.819173 
1.655803, 0.803500 
1.516403, 0.688460 
1.856003, 0.816484 
1.536803, 0.721079 
1.576403, 0.748042 
2.215003, 0.609804 
2.294802, 0.551382 
2.355202, 0.514482 
2.495203, 0.430994 
1.876203, 0.817384 
2.055603, 0.723482 
2.415203, 0.475404 
2.135202, 0.666303 
1.914602, 0.804054 
1.936003, 0.794831 
2.015203, 0.743618 
2.374802, 0.502525 
2.394803, 0.490367 
2.155603, 0.649769 
2.275002, 0.566077 
2.115202, 0.683523 
1.736003, 0.832165 
2.454602, 0.451049 
1.895603, 0.806457 
1.756003, 0.832038 
1.975603, 0.773401 
1.635603, 0.802565 
2.314602, 0.538165 
2.094802, 0.701774 
1.596803, 0.773983 
1.676203, 0.803041 
1.836203, 0.825818 
1.955603, 0.778533 
2.475203, 0.440916 
1.796003, 0.837464 
1.816403, 0.827816 
1.715803, 0.822559 
2.195603, 0.624775 
1.616403, 0.786735 
2.075803, 0.705603 
2.255203, 0.584802 
1.776003, 0.840962 
1.557003, 0.738027 
1.856203, 0.820894 
1.537003, 0.717298 
1.696603, 0.829434 
2.435403, 0.463833 
1.995403, 0.761108 
1.516603, 0.707697 
2.035403, 0.730608 
2.235203, 0.588486 
1.656003, 0.813451 
2.174803, 0.627859 
1.576603, 0.755695 
2.335002, 0.524743 
1.876403, 0.818983 
2.495403, 0.431935 
2.215203, 0.609027 
2.355402, 0.513759 
2.295002, 0.558225 
2.055803, 0.722721 
2.415403, 0.476155 
1.936203, 0.789255 
2.135402, 0.666251 
1.597003, 0.777545 
2.155803, 0.643069 
2.015403, 0.745878 
1.914802, 0.806480 
2.454803, 0.451945 
1.836403, 0.830141 
2.395003, 0.491948 
2.375002, 0.500910 
1.756203, 0.830679 
1.895803, 0.822985 
1.975803, 0.772849 
1.736203, 0.839740 
1.816603, 0.839306 
2.115402, 0.675283 
1.635803, 0.793321 
2.275203, 0.567663 
1.955803, 0.778674 
1.676403, 0.815616 
1.557203, 0.742419 
2.475403, 0.445997 
1.537203, 0.712475 
2.314802, 0.538822 
1.856403, 0.823066 
2.095002, 0.700465 
1.696803, 0.824399 
2.195803, 0.625953 
2.076003, 0.713689 
1.716003, 0.829000 
1.796203, 0.830420 
1.776203, 0.833838 
1.616603, 0.791231 
1.876603, 0.822977 
2.435603, 0.470740 
1.516803, 0.698560 
2.255403, 0.581440 
2.355603, 0.510814 
1.995603, 0.759462 
1.656203, 0.809625 
2.035603, 0.732275 
2.235403, 0.592965 
2.495603, 0.434062 
1.576803, 0.746074 
2.175003, 0.645175 
2.056003, 0.723719 
2.335202, 0.528671 
2.415603, 0.476331 
1.936403, 0.783611 
2.215403, 0.612470 
2.295202, 0.551890 
1.597203, 0.781314 
2.156003, 0.656403 
1.836603, 0.837526 
2.135602, 0.668038 
1.816803, 0.836002 
2.455003, 0.454710 
2.015603, 0.752198 
1.537403, 0.710085 
1.557403, 0.732770 
1.697003, 0.817474 
1.856603, 0.829308 
1.915002, 0.809362 
1.756403, 0.840236 
1.636003, 0.796754 
1.736403, 0.828218 
1.976003, 0.770864 
1.896003, 0.815175 
2.115602, 0.681550 
2.375202, 0.506352 
2.395203, 0.493280 
2.275403, 0.569419 
2.475603, 0.447579 
1.676603, 0.819463 
1.956003, 0.780439 
2.076203, 0.708125 
2.196003, 0.619628 
2.315002, 0.543566 
1.716203, 0.831865 
2.095202, 0.693328 
1.876803, 0.817454 
2.435803, 0.463641 
1.616803, 0.790691 
1.776403, 0.833238 
1.796403, 0.844817 
1.517003, 0.699848 
2.355803, 0.512115 
1.656403, 0.807351 
2.495803, 0.433419 
2.056203, 0.720942 
1.995803, 0.761431 
1.577003, 0.765836 
2.255603, 0.583437 
2.035803, 0.733856 
1.936603, 0.785206 
1.836803, 0.841814 
2.175203, 0.636520 
2.415803, 0.478304 
2.235603, 0.590234 
1.597403, 0.761245 
2.335402, 0.527287 
2.215603, 0.601225 
1.817003, 0.827869 
2.156203, 0.648294 
2.295403, 0.549641 
1.537603, 0.736562 
1.557603, 0.736674 
2.135803, 0.664073 
1.697203, 0.826333 
2.455203, 0.452968 
1.856803, 0.819462 
2.015803, 0.754063 
1.636203, 0.794895 
1.736603, 0.837408 
1.756603, 0.835870 
1.915202, 0.798850 
2.475803, 0.440108 
2.076403, 0.703801 
1.976203, 0.774220 
2.395403, 0.487265 
2.375402, 0.498808 
2.115803, 0.677885 
1.896203, 0.804894 
1.676803, 0.815641 
2.196203, 0.620224 
2.275603, 0.568785 
1.956203, 0.788627 
1.877003, 0.826602 
2.436003, 0.467787 
1.716403, 0.832769 
1.617003, 0.777525 
2.315202, 0.544465 
2.056403, 0.718306 
2.095402, 0.698287 
1.796603, 0.841808 
1.776603, 0.836467 
2.496003, 0.434119 
1.517203, 0.694741 
2.356003, 0.514258 
1.577203, 0.752845 
1.837003, 0.828501 
1.597603, 0.778859 
1.656603, 0.797244 
1.936803, 0.789857 
1.996003, 0.760609 
2.255803, 0.579045 
2.036003, 0.729778 
2.416003, 0.481692 
1.817203, 0.832625 
1.537803, 0.717769 
2.175403, 0.633314 
1.557803, 0.729503 
2.156403, 0.650564 
2.235803, 0.593509 
1.697403, 0.820368 
2.335603, 0.525174 
2.215803, 0.613338 
2.295603, 0.554212 
1.857003, 0.815836 
2.136003, 0.657644 
2.455403, 0.457017 
1.636403, 0.798254 
2.016003, 0.751369 
2.076603, 0.708355 
1.736803, 0.833547 
2.476003, 0.444348 
1.756803, 0.833281 
1.877203, 0.811430 
1.976403, 0.774126 
2.436203, 0.467401 
1.677003, 0.815475 
1.896403, 0.813569 
1.915403, 0.800213 
2.196403, 0.619735 
1.617203, 0.796396 
1.956403, 0.784404 
2.056603, 0.724838 
2.116003, 0.677392 
2.395603, 0.487017 
2.275803, 0.573907 
2.356203, 0.510692 
2.375602, 0.498081 
1.716603, 0.824046 
2.496203, 0.434415 
1.837203, 0.840168 
1.517403, 0.714307 
1.597803, 0.760151 
1.776803, 0.841279 
1.796803, 0.829906 
2.315403, 0.541387 
2.095603, 0.694047 
1.577403, 0.759491 
1.817403, 0.837751 
2.416203, 0.477739 
1.656803, 0.802770 
1.937003, 0.788987 
1.538003, 0.715990 
1.558003, 0.742809 
2.156603, 0.648795 
2.256003, 0.582866 
1.996203, 0.752724 
2.036203, 0.729751 
1.697603, 0.832937 
1.857203, 0.815148 
2.175603, 0.644389 
2.455603, 0.449886 
2.236003, 0.595644 
2.335803, 0.523812 
2.216003, 0.609514 
2.076803, 0.698498 
2.295803, 0.546800 
1.877403, 0.819602 
2.136203, 0.663307 
1.636603, 0.792933 
1.737003, 0.842766 
2.436403, 0.465510 
1.976603, 0.773073 
2.056803, 0.722829 
1.677203, 0.817700 
1.757003, 0.848930 
2.016203, 0.741891 
2.476203, 0.443028 
2.496403, 0.430256 
1.837403, 0.844922 
1.896603, 0.808510 
2.356403, 0.511524 
2.196603, 0.618019 
1.956603, 0.790394 
1.598003, 0.770547 
1.617403, 0.782755 
2.116203, 0.678569 
1.716803, 0.827363 
1.915603, 0.810695 
1.538203, 0.723239 
1.817603, 0.836517 
2.276003, 0.565467 
2.395803, 0.490613 
1.517603, 0.685419 
1.797003, 0.826640 
2.375803, 0.497521 
2.416403, 0.477611 
1.777003, 0.833481 
1.558203, 0.734128 
1.577603, 0.761515 
2.095803, 0.693582 
2.315603, 0.538180 
1.937203, 0.795385 
1.657003, 0.808742 
1.697803, 0.825091 
2.036403, 0.736215 
2.156803, 0.651540 
1.996403, 0.767488 
1.857403, 0.822732 
2.256203, 0.581653 
2.175803, 0.638542 
2.455803, 0.454539 
2.236203, 0.589270 
1.877603, 0.816633 
2.336003, 0.528138 
2.077003, 0.705325 
2.216203, 0.611879 
2.057003, 0.722754 
2.436603, 0.464382 
1.636803, 0.813384 
1.837603, 0.839564 
2.296003, 0.549693 
1.677403, 0.818982 
2.356603, 0.513036 
2.136403, 0.668093 
1.737203, 0.840690 
1.976803, 0.770592 
1.757203, 0.839133 
1.598203, 0.766616 
2.196803, 0.614874 
2.496603, 0.436762 
1.538403, 0.708298 
2.016403, 0.743600 
2.476403, 0.447413 
1.896803, 0.810752 
1.956803, 0.783542 
1.558403, 0.733377 
1.717003, 0.819707 
1.617603, 0.782178 
1.817803, 0.841961 
2.416603, 0.477410 
1.517803, 0.689643 
1.937403, 0.793753 
1.577803, 0.751928 
2.116403, 0.678830 
1.797203, 0.837576 
1.915803, 0.805752 
2.036603, 0.738402 
1.777203, 0.838340 
2.276203, 0.568680 
2.315803, 0.540060 
1.698003, 0.839550 
1.657203, 0.801989 
2.396003, 0.490245 
2.157003, 0.655358 
2.096003, 0.697430 
2.376003, 0.498711 
1.857603, 0.820890 
1.877803, 0.814199 
1.996603, 0.758496 
2.456003, 0.457151 
2.256403, 0.581929 
2.176003, 0.637485 
2.077203, 0.700018 
2.057203, 0.724076 
2.236403, 0.595256 
2.436803, 0.464979 
2.336203, 0.526928 
1.837803, 0.839382 
2.356803, 0.511941 
2.197003, 0.617035 
1.637003, 0.799172 
2.216403, 0.610493 
2.496803, 0.429335 
1.737403, 0.824507 
1.598403, 0.761010 
1.538603, 0.705673 
1.677603, 0.822762 
2.296203, 0.549949 
1.977003, 0.775729 
1.757403, 0.832029 
1.558603, 0.737604 
2.136603, 0.662763 
1.818003, 0.836399 
1.717203, 0.827998 
1.937603, 0.795460 
1.617803, 0.780151 
1.957003, 0.796756 
1.897003, 0.809219 
2.476603, 0.442892 
2.416803, 0.476768 
2.016603, 0.748589 
2.036803, 0.733873 
1.698203, 0.835708 
1.578003, 0.756818 
1.518003, 0.705070 
1.916003, 0.808059 
1.797403, 0.842204 
1.857803, 0.820872 
2.116603, 0.679021 
1.657403, 0.803924 
2.157203, 0.654746 
2.316003, 0.540840 
1.777403, 0.844825 
2.276403, 0.570017 
2.396203, 0.491615 
2.096203, 0.689811 
1.878003, 0.827816 
2.376203, 0.499262 
2.456203, 0.455609 
2.077403, 0.718960 
1.996803, 0.757755 
2.057403, 0.719331 
1.838003, 0.841780 
2.176203, 0.639839 
2.357003, 0.515660 
2.437003, 0.464637 
2.256603, 0.581734 
2.497003, 0.432000 
1.737603, 0.849697 
1.598603, 0.757340 
2.197203, 0.623796 
1.637203, 0.786765 
2.336403, 0.524439 
2.236603, 0.592870 
1.677803, 0.818740 
1.818203, 0.827978 
1.937803, 0.793837 
2.216603, 0.609168 
1.757603, 0.845156 
2.296403, 0.547379 
1.977203, 0.777487 
1.717403, 0.819208 
1.698403, 0.829464 
1.618003, 0.790214 
2.037003, 0.741341 
2.136803, 0.662975 
1.957203, 0.783410 
1.897203, 0.814399 
2.476803, 0.440598 
1.518203, 0.697593 
1.858003, 0.819395 
2.417003, 0.476349 
1.578203, 0.750988 
2.016803, 0.748892 
2.157403, 0.651293 
1.657603, 0.806676 
1.797603, 0.835807 
2.116803, 0.679927 
1.777603, 0.836191 
1.916203, 0.808447 
1.878203, 0.812284 
2.316203, 0.544980 
2.276603, 0.567367 
2.396403, 0.486143 
2.077603, 0.702125 
2.096403, 0.686692 
2.057603, 0.718848 
2.376403, 0.503631 
2.456403, 0.458521 
1.838203, 0.828496 
2.437203, 0.466808 
1.997003, 0.765483 
2.497203, 0.432325 
2.357203, 0.509222 
1.818403, 0.833228 
2.176403, 0.634859 
2.197403, 0.621622 
1.637403, 0.798555 
1.737803, 0.832485 
2.256803, 0.577261 
1.698603, 0.826988 
1.938003, 0.793166 
2.336603, 0.530481 
1.757803, 0.828189 
2.236803, 0.595571 
2.037203, 0.737506 
1.678003, 0.819178 
1.858203, 0.827940 
1.717603, 0.838619 
2.477003, 0.442428 
1.618203, 0.779435 
2.296603, 0.553856 
1.977403, 0.770251 
2.417203, 0.474470 
2.216803, 0.602656 
1.897403, 0.811450 
1.518403, 0.706421 
2.137003, 0.661839 
1.878403, 0.830264 
2.157603, 0.647506 
1.578403, 0.749114 
1.957403, 0.783777 
1.657803, 0.803254 
1.777803, 0.826586 
2.017003, 0.748862 
1.797803, 0.838842 
2.077803, 0.705085 
1.916403, 0.799014 
2.117003, 0.676782 
2.057803, 0.719547 
2.316403, 0.539364 
1.838403, 0.835913 
2.276803, 0.566484 
2.456603, 0.449406 
2.437403, 0.462919 
1.818603, 0.834293 
2.497403, 0.433422 
2.096603, 0.695692 
2.396603, 0.487320 
2.357403, 0.515827 
2.376603, 0.499427 
1.997203, 0.755185 
2.197603, 0.626058 
2.037403, 0.730537 
2.176603, 0.634976 
1.738003, 0.837927 
1.637603, 0.798911 
1.938203, 0.791735 
1.858403, 0.820931 
1.758003, 0.837160 
2.257003, 0.571435 
2.336803, 0.522914 
1.678203, 0.817551 
1.878603, 0.813380 
2.417403, 0.476749 
1.717803, 0.838489 
2.477203, 0.441069 
2.237003, 0.597658 
2.157803, 0.649292 
1.618403, 0.784053 
1.977603, 0.765194 
2.296803, 0.554952 
1.518603, 0.689423 
1.897603, 0.802923 
1.658003, 0.804026 
2.217003, 0.607718 
1.578603, 0.763465 
2.137203, 0.663224 
1.957603, 0.781494 
1.778003, 0.841631 
2.078003, 0.705095 
1.798003, 0.835122 
2.017203, 0.741528 
1.838603, 0.828962 
2.058003, 0.716307 
2.437603, 0.467432 
2.117203, 0.674330 
1.916603, 0.807670 
2.497603, 0.432625 
2.316603, 0.536926 
2.456803, 0.451201 
2.357603, 0.516181 
2.277003, 0.561468 
2.037603, 0.733467 
2.096803, 0.690646 
2.197803, 0.621652 
2.396803, 0.489597 
1.997403, 0.761207 
2.376803, 0.494513 
1.858603, 0.823188 
1.938403, 0.794926 
1.738203, 0.837737 
1.637803, 0.791544 
2.176803, 0.642093 
1.758203, 0.841182 
2.417603, 0.480341 
1.718003, 0.845538 
2.477403, 0.450766 
1.678403, 0.819972 
2.257203, 0.573972 
2.158003, 0.646037 
1.618603, 0.780778 
2.337003, 0.527832 
2.237203, 0.593450 
1.897803, 0.812505 
1.658203, 0.811504 
1.977803, 0.769114 
2.078203, 0.705192 
2.297003, 0.547375 
1.957803, 0.783537 
2.137403, 0.662067 
1.778203, 0.838441 
2.217203, 0.603219 
2.058203, 0.719602 
1.798203, 0.839797 
2.437803, 0.463516 
2.017403, 0.741704 
2.497803, 0.433031 
2.117403, 0.678687 
2.037803, 0.734318 
2.357803, 0.515625 
1.916803, 0.810762 
2.457003, 0.453371 
2.316803, 0.535763 
2.198003, 0.612587 
1.997603, 0.754749 
2.277203, 0.566903 
2.097003, 0.693888 
1.938603, 0.790625 
2.397003, 0.487645 
2.377003, 0.500351 
1.638003, 0.793403 
2.417803, 0.474938 
1.758403, 0.829473 
1.738403, 0.825554 
2.177003, 0.636681 
2.477603, 0.442979 
1.678603, 0.821043 
1.718203, 0.830189 
2.158203, 0.648738 
2.078403, 0.703495 
1.898003, 0.816180 
2.257403, 0.581406 
2.058403, 0.723257 
1.658403, 0.814340 
2.237403, 0.590874 
2.337203, 0.527410 
1.958003, 0.780521 
2.297203, 0.549356 
1.978003, 0.770410 
1.778403, 0.841955 
2.498003, 0.430538 
1.798403, 0.837244 
2.137603, 0.660637 
2.217403, 0.611215 
2.438003, 0.464042 
2.038003, 0.734074 
2.017603, 0.742499 
2.358003, 0.509957 
2.117603, 0.671538 
2.457203, 0.454154 
2.198203, 0.623247 
1.997803, 0.755822 
1.917003, 0.799803 
2.317003, 0.544429 
2.277403, 0.566039 
2.418003, 0.477741 
2.097203, 0.693818 
1.638203, 0.798578 
2.397203, 0.487270 
1.758603, 0.831405 
2.377203, 0.499607 
2.477803, 0.440702 
1.738603, 0.837751 
2.177203, 0.639955 
2.158403, 0.644987 
2.058603, 0.717178 
2.078603, 0.700603 
1.718403, 0.828885 
1.898203, 0.803609 
1.658603, 0.813183 
2.038203, 0.736747 
2.257603, 0.582694 
2.498203, 0.430361 
1.958203, 0.782746 
2.337403, 0.521553 
2.237603, 0.592440 
1.978203, 0.767766 
1.778603, 0.841458 
2.297403, 0.549284 
2.438203, 0.467676 
1.798603, 0.825460 
2.217603, 0.602690 
2.137803, 0.668658 
2.358203, 0.514881 
2.017803, 0.740969 
2.457403, 0.455154 
2.117803, 0.682935 
2.198403, 0.622390 
2.418203, 0.476450 
1.917203, 0.802826 
1.998003, 0.756416 
1.638403, 0.800525 
2.317203, 0.537997 
2.478003, 0.443718 
2.097403, 0.691028 
2.277603, 0.565636 
2.397403, 0.485672 
2.158603, 0.645714 
2.377403, 0.499046 
2.177403, 0.638371 
2.038403, 0.727617 
1.718603, 0.828618 
2.498403, 0.434448 
1.898403, 0.816031 
2.438403, 0.460791 
2.257803, 0.581387 
1.958403, 0.779881 
2.237803, 0.587583 
1.978403, 0.763399 
2.337603, 0.526274 
2.358403, 0.514688 
2.297603, 0.555026 
2.138003, 0.664138 
2.217803, 0.612158 
2.018003, 0.745905 
2.198603, 0.616265 
2.457603, 0.450080 
2.118003, 0.679158 
2.418403, 0.475684 
1.998203, 0.756073 
1.638603, 0.812675 
2.478203, 0.446736 
1.917403, 0.802917 
2.097603, 0.685430 
2.317403, 0.537074 
2.498603, 0.429997 
2.397603, 0.487622 
2.038603, 0.730817 
2.277803, 0.567560 
2.177603, 0.632084 
2.377603, 0.498295 
2.438603, 0.466091 
1.898603, 0.804141 
2.358603, 0.511287 
1.978603, 0.766259 
2.337803, 0.524683 
1.958603, 0.777392 
2.258003, 0.583854 
2.238003, 0.588274 
2.297803, 0.552581 
2.218003, 0.602256 
2.138203, 0.663632 
2.018203, 0.743044 
2.418603, 0.473989 
2.457803, 0.452117 
2.118203, 0.681755 
2.478403, 0.442398 
1.998403, 0.764338 
1.917603, 0.805215 
2.097803, 0.689989 
2.317603, 0.538990 
2.397803, 0.485278 
2.278003, 0.569556 
2.177803, 0.634789 
2.377803, 0.502219 
2.298003, 0.548425 
2.338003, 0.527283 
2.258203, 0.577902 
2.238203, 0.595753 
2.218203, 0.605122 
2.018403, 0.741693 
2.138403, 0.658766 
2.458003, 0.454637 
2.478603, 0.442654 
2.118403, 0.674804 
1.998603, 0.758919 
1.917803, 0.801426 
2.098003, 0.690924 
2.317803, 0.541746 
2.398003, 0.484366 
2.278203, 0.559297 
2.178003, 0.628637 
2.378003, 0.499335 
2.298203, 0.552085 
2.338203, 0.529174 
2.258403, 0.577497 
2.238403, 0.592188 
2.018603, 0.737133 
2.218403, 0.606891 
2.458203, 0.452898 
2.138603, 0.667137 
2.118603, 0.677333 
1.918003, 0.801279 
2.098203, 0.693893 
2.318003, 0.540177 
2.278403, 0.562610 
2.398203, 0.490780 
2.178203, 0.634642 
2.378203, 0.499403 
2.338403, 0.522837 
2.238603, 0.587448 
2.298403, 0.551905 
2.258603, 0.578137 
2.458403, 0.453600 
2.218603, 0.596950 
2.098403, 0.686709 
1.918203, 0.797547 
2.318203, 0.542877 
2.178403, 0.632348 
2.278603, 0.559330 
2.398403, 0.488149 
2.378403, 0.496636 
2.338603, 0.526148 
2.298603, 0.555961 
2.458603, 0.453659 
2.098603, 0.688109 
2.318403, 0.532074 
1.918403, 0.810137 
2.178603, 0.635449 
2.398603, 0.490906 
2.378603, 0.501184 
2.318603, 0.539045 
1.918603, 0.800853 
