1.020000, 0.312440 
1.220000, 0.437055 
1.500000, 0.538908 
1.080000, 0.366685 
1.000000, 0.302943 
0.980000, 0.307005 
1.340000, 0.504082 
0.940000, 0.261024 
1.120000, 0.387610 
1.060000, 0.354705 
1.820000, 0.517473 
0.920000, 0.217714 
1.380000, 0.508867 
1.520000, 0.552558 
1.660000, 0.530378 
1.400000, 0.528850 
1.720000, 0.522451 
1.420000, 0.530152 
1.360000, 0.519720 
1.620000, 0.539885 
1.260000, 0.475552 
0.900000, 0.213704 
1.460000, 0.551197 
1.040000, 0.327738 
2.020000, 0.448936 
1.180000, 0.424082 
0.960000, 0.280962 
1.160000, 0.407724 
1.320000, 0.486678 
1.280000, 0.472334 
2.040000, 0.437672 
1.140000, 0.392806 
1.100000, 0.366778 
1.800000, 0.510479 
1.200000, 0.425140 
1.240000, 0.449242 
1.300000, 0.479897 
1.700000, 0.522416 
1.480000, 0.539625 
1.440000, 0.532304 
2.000000, 0.450619 
1.740000, 0.527664 
1.540000, 0.543899 
1.780000, 0.504225 
1.760000, 0.514546 
1.580000, 0.552168 
2.060000, 0.425714 
1.900000, 0.496227 
1.880000, 0.482574 
1.840000, 0.499205 
1.560000, 0.546545 
1.640000, 0.551954 
1.600000, 0.544962 
1.680000, 0.534296 
1.860000, 0.492253 
1.960000, 0.462605 
1.920000, 0.473514 
1.980000, 0.454162 
1.940000, 0.478013 
2.080000, 0.421999 
1.020200, 0.294577 
0.940200, 0.246783 
1.220200, 0.427009 
1.360200, 0.507405 
1.000200, 0.295274 
1.340200, 0.509211 
1.080200, 0.357527 
1.120200, 0.384419 
1.060200, 0.348366 
1.380200, 0.510763 
1.420200, 0.518337 
1.500200, 0.530662 
0.920200, 0.248686 
1.400200, 0.524228 
0.900200, 0.219140 
1.520200, 0.545771 
1.280200, 0.476176 
0.980200, 0.298211 
1.200200, 0.437731 
1.320200, 0.496455 
1.660200, 0.541103 
0.960200, 0.303016 
1.260200, 0.466106 
1.040200, 0.327588 
1.160200, 0.413639 
1.100200, 0.353765 
1.180200, 0.426355 
1.620200, 0.527788 
1.720200, 0.528011 
1.140200, 0.402756 
1.460200, 0.539785 
1.240200, 0.442836 
2.020200, 0.445340 
1.300200, 0.482826 
1.820200, 0.505242 
1.440200, 0.515553 
1.540200, 0.551986 
1.800200, 0.503889 
1.480200, 0.540928 
2.040200, 0.441517 
1.740200, 0.526402 
2.000200, 0.445621 
1.900200, 0.475475 
1.700200, 0.545428 
2.060200, 0.425665 
1.580200, 0.555774 
1.780200, 0.514198 
1.760200, 0.515894 
1.640200, 0.544894 
1.560200, 0.553746 
1.880200, 0.483821 
1.840200, 0.492839 
1.600200, 0.543572 
1.680200, 0.534073 
2.080200, 0.425916 
1.860200, 0.498068 
1.920200, 0.477080 
1.960200, 0.465251 
1.980200, 0.450270 
1.940200, 0.472729 
1.220400, 0.465239 
0.940400, 0.256332 
1.200400, 0.447149 
1.020400, 0.318716 
1.360400, 0.514350 
1.000400, 0.301918 
1.420400, 0.524503 
1.280400, 0.482444 
1.340400, 0.499151 
1.120400, 0.382789 
0.980400, 0.289749 
0.900400, 0.226668 
1.060400, 0.368824 
1.520400, 0.544319 
1.080400, 0.363356 
1.380400, 0.515069 
1.320400, 0.496918 
1.400400, 0.527400 
1.500400, 0.532368 
2.020400, 0.449674 
1.040400, 0.331259 
1.460400, 0.526725 
1.140400, 0.404000 
1.100400, 0.374555 
0.960400, 0.266475 
1.620400, 0.541309 
0.920400, 0.253581 
1.160400, 0.413894 
1.240400, 0.454883 
1.180400, 0.421118 
1.660400, 0.545979 
1.720400, 0.533787 
1.260400, 0.459469 
1.300400, 0.483005 
1.740400, 0.531365 
1.440400, 0.530723 
1.800400, 0.524279 
1.540400, 0.537901 
1.820400, 0.504608 
1.480400, 0.542059 
1.860400, 0.489024 
2.040400, 0.436035 
2.000400, 0.458838 
1.900400, 0.479671 
1.700400, 0.533663 
1.580400, 0.540385 
1.780400, 0.520836 
2.060400, 0.433205 
1.840400, 0.499939 
1.600400, 0.544896 
1.640400, 0.544982 
1.560400, 0.547198 
1.680400, 0.529403 
1.760400, 0.525903 
2.080400, 0.420586 
1.980400, 0.458550 
1.880400, 0.496897 
1.920400, 0.478141 
1.960400, 0.472420 
1.940400, 0.468971 
0.940600, 0.251840 
1.220600, 0.434667 
1.020600, 0.326171 
1.420600, 0.522943 
1.200600, 0.439536 
1.280600, 0.464367 
1.340600, 0.489339 
1.360600, 0.504019 
1.000600, 0.290101 
1.500600, 0.535630 
1.040600, 0.331154 
0.900600, 0.222487 
0.920600, 0.301347 
1.380600, 0.519809 
1.120600, 0.382811 
1.080600, 0.356432 
0.980600, 0.286148 
1.320600, 0.482291 
1.140600, 0.404178 
2.020600, 0.447708 
1.060600, 0.344137 
1.160600, 0.414136 
1.400600, 0.510830 
1.100600, 0.373447 
1.180600, 0.420928 
1.240600, 0.458809 
0.960600, 0.294075 
1.720600, 0.519713 
1.620600, 0.553809 
1.520600, 0.549565 
1.260600, 0.463210 
1.440600, 0.525850 
1.460600, 0.538355 
1.480600, 0.530799 
1.660600, 0.537695 
1.300600, 0.487747 
1.800600, 0.517308 
1.840600, 0.506077 
1.580600, 0.548538 
1.860600, 0.490288 
1.540600, 0.544434 
1.780600, 0.513959 
1.560600, 0.546066 
1.640600, 0.537487 
1.820600, 0.502167 
1.740600, 0.516602 
2.000600, 0.463954 
1.700600, 0.538890 
2.060600, 0.431997 
1.600600, 0.548786 
1.900600, 0.492424 
2.040600, 0.431021 
1.680600, 0.549585 
1.760600, 0.509098 
1.880600, 0.491871 
1.980600, 0.451471 
1.960600, 0.462753 
2.080600, 0.420905 
0.940800, 0.251470 
1.920600, 0.480872 
1.940600, 0.482298 
1.200800, 0.433802 
1.220800, 0.442267 
1.020800, 0.309796 
1.280800, 0.473038 
1.000800, 0.306155 
1.120800, 0.378844 
0.920800, 0.270107 
1.420800, 0.522824 
0.900800, 0.251213 
1.040800, 0.354281 
1.160800, 0.407661 
1.340800, 0.509067 
1.360800, 0.514182 
1.080800, 0.348695 
0.960800, 0.268880 
1.500800, 0.541607 
0.980800, 0.315763 
1.380800, 0.521389 
1.100800, 0.381987 
1.320800, 0.496741 
1.060800, 0.358194 
1.140800, 0.400397 
1.400800, 0.526902 
1.620800, 0.538421 
1.180800, 0.436033 
1.440800, 0.523060 
1.260800, 0.464637 
1.460800, 0.537118 
1.520800, 0.539449 
2.020800, 0.437521 
1.720800, 0.523890 
1.240800, 0.449696 
1.840800, 0.496216 
1.300800, 0.479907 
1.660800, 0.541004 
1.480800, 0.523710 
1.800800, 0.508190 
1.860800, 0.497370 
1.780800, 0.508387 
1.820800, 0.516775 
1.580800, 0.543693 
1.540800, 0.547536 
1.640800, 0.535568 
2.060800, 0.427132 
1.560800, 0.535144 
0.941000, 0.257303 
1.600800, 0.533979 
1.900800, 0.484892 
1.700800, 0.536798 
2.040800, 0.442181 
1.740800, 0.520818 
1.960800, 0.465434 
2.000800, 0.456802 
1.680800, 0.528578 
1.760800, 0.524006 
1.880800, 0.494369 
1.980800, 0.450983 
1.920800, 0.475298 
2.080800, 0.428840 
1.201000, 0.453904 
1.221000, 0.453288 
1.281000, 0.469637 
1.021000, 0.336662 
0.901000, 0.204970 
1.940800, 0.469550 
1.081000, 0.366887 
0.921000, 0.221876 
1.421000, 0.524052 
1.121000, 0.394399 
1.001000, 0.296867 
1.501000, 0.539346 
1.041000, 0.338388 
1.161000, 0.422216 
1.341000, 0.501228 
0.961000, 0.272248 
0.981000, 0.293250 
1.101000, 0.363500 
1.061000, 0.341849 
1.381000, 0.524151 
1.361000, 0.498341 
1.261000, 0.471379 
1.321000, 0.486781 
1.461000, 0.535645 
2.021000, 0.438888 
1.141000, 0.402777 
1.401000, 0.530986 
1.181000, 0.426721 
1.621000, 0.557019 
1.441000, 0.523605 
1.241000, 0.464442 
1.301000, 0.497219 
1.801000, 0.495064 
1.841000, 0.511454 
1.721000, 0.530503 
1.521000, 0.538219 
1.661000, 0.529692 
1.481000, 0.524843 
1.581000, 0.536984 
1.541000, 0.534724 
1.821000, 0.497718 
1.861000, 0.497337 
1.641000, 0.537209 
0.941200, 0.257915 
1.561000, 0.538743 
1.781000, 0.519219 
1.601000, 0.537585 
1.901000, 0.486171 
1.701000, 0.526396 
2.061000, 0.437875 
1.961000, 0.459990 
1.761000, 0.523302 
1.081200, 0.356217 
2.001000, 0.452905 
1.741000, 0.521191 
2.041000, 0.440301 
1.881000, 0.494256 
1.681000, 0.538199 
1.021200, 0.307324 
2.081000, 0.428248 
1.201200, 0.432738 
1.221200, 0.457846 
0.901200, 0.225580 
1.981000, 0.454828 
1.281200, 0.475361 
1.921000, 0.477390 
0.921200, 0.233563 
1.501200, 0.529007 
1.041200, 0.325867 
1.421200, 0.528581 
1.001200, 0.298885 
0.961200, 0.288061 
1.161200, 0.416600 
1.101200, 0.376969 
1.121200, 0.377733 
1.941000, 0.471008 
0.981200, 0.283870 
1.381200, 0.508602 
1.341200, 0.509980 
1.061200, 0.365469 
1.361200, 0.499905 
1.321200, 0.496296 
1.141200, 0.415321 
1.461200, 0.535755 
1.181200, 0.413818 
1.261200, 0.469113 
2.021200, 0.449412 
1.621200, 0.541196 
1.241200, 0.464100 
1.301200, 0.489958 
1.441200, 0.523696 
1.401200, 0.529364 
1.801200, 0.501627 
1.481200, 0.539122 
1.521200, 0.548760 
1.661200, 0.536419 
1.541200, 0.539898 
1.841200, 0.497817 
1.581200, 0.540875 
1.721200, 0.531237 
0.941400, 0.259865 
1.821200, 0.504539 
1.861200, 0.499956 
2.061200, 0.434056 
1.561200, 0.534663 
1.641200, 0.548645 
1.601200, 0.537340 
1.781200, 0.518969 
1.701200, 0.534263 
1.081400, 0.367943 
1.901200, 0.483883 
1.881200, 0.491291 
1.761200, 0.533904 
2.001200, 0.454361 
1.501400, 0.539579 
1.961200, 0.466040 
1.221400, 0.450071 
1.021400, 0.307335 
1.741200, 0.517530 
0.921400, 0.244948 
1.981200, 0.470035 
1.201400, 0.435699 
1.681200, 0.524742 
1.281400, 0.477657 
2.041200, 0.438982 
2.081200, 0.419986 
0.901400, 0.222309 
1.161400, 0.396194 
1.121400, 0.389743 
1.921200, 0.469511 
1.421400, 0.533348 
1.001400, 0.302614 
0.961400, 0.262388 
1.101400, 0.368002 
1.041400, 0.329869 
0.981400, 0.280241 
1.381400, 0.514501 
1.341400, 0.503479 
1.941200, 0.470773 
1.061400, 0.339148 
1.141400, 0.390256 
1.321400, 0.483448 
1.441400, 0.531740 
1.181400, 0.428809 
1.361400, 0.502255 
1.541400, 0.547880 
2.021400, 0.442085 
1.301400, 0.484995 
1.461400, 0.531266 
1.241400, 0.456452 
1.261400, 0.481395 
1.401400, 0.526660 
1.621400, 0.542776 
1.801400, 0.507918 
1.481400, 0.542239 
1.721400, 0.529932 
1.521400, 0.539982 
1.661400, 0.543087 
1.581400, 0.541849 
1.841400, 0.507255 
0.941600, 0.284512 
1.821400, 0.516079 
1.561400, 0.547665 
2.061400, 0.428951 
1.641400, 0.534715 
1.601400, 0.540397 
1.081600, 0.376955 
1.761400, 0.511714 
1.021600, 0.317525 
1.701400, 0.527330 
1.501600, 0.536452 
1.861400, 0.480300 
1.781400, 0.518835 
2.001400, 0.454803 
0.921600, 0.251938 
1.221600, 0.436155 
1.901400, 0.490377 
1.201600, 0.436701 
1.881400, 0.479449 
1.681400, 0.525041 
1.961400, 0.465869 
1.281600, 0.473164 
1.981400, 0.457851 
1.741400, 0.510960 
0.901600, 0.238861 
2.081400, 0.428929 
2.041400, 0.442751 
1.001600, 0.302365 
1.161600, 0.425616 
1.121600, 0.401940 
1.041600, 0.312753 
1.101600, 0.375211 
1.421600, 0.535332 
0.961600, 0.273573 
1.941400, 0.473837 
1.381600, 0.506697 
0.981600, 0.306625 
1.341600, 0.505155 
1.441600, 0.531653 
1.921400, 0.473775 
1.301600, 0.487951 
1.241600, 0.455652 
1.061600, 0.337789 
1.141600, 0.404881 
1.541600, 0.535277 
1.361600, 0.514039 
1.621600, 0.542476 
1.321600, 0.497728 
1.261600, 0.472530 
1.181600, 0.417711 
1.801600, 0.503477 
2.021600, 0.437781 
1.461600, 0.534511 
1.481600, 0.539526 
1.401600, 0.530271 
1.521600, 0.535441 
1.561600, 0.545427 
1.661600, 0.529090 
1.641600, 0.537757 
1.721600, 0.518887 
0.941800, 0.247306 
1.841600, 0.508563 
1.581600, 0.540794 
1.081800, 0.372699 
1.821600, 0.506331 
1.501800, 0.545207 
1.781600, 0.506084 
1.601600, 0.554400 
2.061600, 0.423835 
1.021800, 0.313103 
1.761600, 0.520466 
1.701600, 0.531191 
0.921800, 0.253589 
1.961600, 0.458148 
1.221800, 0.438606 
1.861600, 0.497078 
1.681600, 0.533977 
1.881600, 0.491267 
1.001800, 0.306800 
1.901600, 0.485868 
2.001600, 0.443503 
1.281800, 0.472359 
0.901800, 0.216481 
1.201800, 0.435715 
2.041600, 0.439685 
1.741600, 0.520709 
1.981600, 0.465667 
1.421800, 0.523297 
2.081600, 0.425828 
1.041800, 0.336175 
1.161800, 0.408635 
1.121800, 0.381446 
1.101800, 0.366058 
0.981800, 0.274412 
0.961800, 0.253095 
1.261800, 0.464698 
1.941600, 0.474240 
1.341800, 0.491849 
1.441800, 0.536264 
1.061800, 0.347433 
1.241800, 0.456784 
1.381800, 0.512748 
1.141800, 0.398905 
1.541800, 0.553376 
1.921600, 0.478548 
1.361800, 0.516633 
1.301800, 0.497128 
1.321800, 0.486249 
1.561800, 0.535857 
1.481800, 0.536023 
1.621800, 0.550347 
1.401800, 0.517413 
1.521800, 0.526901 
1.461800, 0.535943 
1.181800, 0.419806 
2.021800, 0.441296 
1.661800, 0.541417 
1.801800, 0.519996 
1.641800, 0.535559 
1.721800, 0.530418 
0.942000, 0.251365 
1.022000, 0.333596 
1.841800, 0.505316 
1.581800, 0.541001 
1.082000, 0.350301 
1.601800, 0.558802 
1.821800, 0.491212 
1.502000, 0.543866 
0.922000, 0.245766 
1.761800, 0.510032 
2.061800, 0.429118 
1.781800, 0.503725 
1.701800, 0.521682 
1.222000, 0.451760 
1.961800, 0.451358 
2.001800, 0.450931 
0.902000, 0.219587 
1.002000, 0.310035 
0.962000, 0.271674 
1.282000, 0.479441 
1.861800, 0.496906 
1.901800, 0.488384 
1.881800, 0.490790 
1.202000, 0.432607 
1.681800, 0.539950 
1.162000, 0.410316 
1.422000, 0.527579 
1.741800, 0.526713 
1.042000, 0.334512 
2.041800, 0.445765 
1.981800, 0.451073 
1.122000, 0.388776 
1.102000, 0.386536 
2.081800, 0.428972 
0.982000, 0.297057 
1.262000, 0.477618 
1.442000, 0.536731 
1.941800, 0.462966 
1.242000, 0.458242 
1.142000, 0.399870 
1.062000, 0.343633 
1.382000, 0.513855 
1.342000, 0.495000 
1.542000, 0.556438 
1.562000, 0.544226 
1.482000, 0.535209 
1.362000, 0.496356 
1.302000, 0.485610 
1.322000, 0.506272 
1.182000, 0.427892 
1.921800, 0.479277 
1.462000, 0.539724 
1.622000, 0.547677 
1.522000, 0.540637 
1.402000, 0.515563 
2.022000, 0.451125 
1.662000, 0.532202 
1.822000, 0.501681 
1.082200, 0.356592 
1.802000, 0.510547 
0.942200, 0.257774 
1.602000, 0.518501 
1.022200, 0.320031 
1.842000, 0.497860 
1.642000, 0.541999 
0.922200, 0.261177 
1.582000, 0.544230 
1.722000, 0.532540 
1.702000, 0.530797 
0.962200, 0.281842 
1.502200, 0.536287 
2.062000, 0.426425 
1.762000, 0.537591 
1.962000, 0.456439 
1.782000, 0.508201 
2.002000, 0.446828 
1.222200, 0.452778 
0.902200, 0.225168 
1.002200, 0.322803 
1.202200, 0.430304 
1.282200, 0.479706 
1.162200, 0.414984 
1.862000, 0.497955 
1.882000, 0.492426 
1.902000, 0.487907 
1.682000, 0.535018 
1.422200, 0.510925 
0.982200, 0.276242 
1.042200, 0.339625 
1.122200, 0.393647 
1.102200, 0.373418 
2.042000, 0.432607 
1.542200, 0.545563 
1.742000, 0.521979 
1.562200, 0.547061 
1.262200, 0.458498 
1.062200, 0.334407 
2.082000, 0.422569 
1.942000, 0.475524 
1.442200, 0.528347 
1.482200, 0.555493 
1.142200, 0.390580 
1.982000, 0.449964 
1.342200, 0.495718 
1.242200, 0.449343 
1.382200, 0.501509 
1.362200, 0.522551 
1.302200, 0.474982 
1.322200, 0.493087 
1.182200, 0.427072 
1.402200, 0.521848 
1.622200, 0.540653 
1.522200, 0.545838 
1.822200, 0.504933 
1.462200, 0.534673 
1.602200, 0.536043 
1.922000, 0.477490 
1.662200, 0.533756 
2.022200, 0.447246 
1.082400, 0.367913 
0.942400, 0.264043 
0.922400, 0.278270 
1.802200, 0.507240 
1.022400, 0.353208 
1.842200, 0.503661 
1.642200, 0.538438 
1.762200, 0.515692 
0.962400, 0.274182 
1.962200, 0.460807 
1.162400, 0.402023 
1.722200, 0.529417 
1.502400, 0.539627 
1.582200, 0.545568 
1.702200, 0.531419 
1.282400, 0.460194 
1.782200, 0.520642 
0.902400, 0.244442 
2.002200, 0.458199 
1.222400, 0.426757 
1.002400, 0.321813 
1.202400, 0.429023 
2.062200, 0.430354 
1.862200, 0.490863 
1.122400, 0.390381 
0.982400, 0.312891 
1.042400, 0.319376 
1.422400, 0.525167 
1.882200, 0.486367 
1.682200, 0.546230 
1.902200, 0.482017 
1.742200, 0.528282 
1.102400, 0.359955 
1.062400, 0.353831 
1.142400, 0.403747 
1.542400, 0.544368 
1.482400, 0.529585 
1.562400, 0.530645 
1.262400, 0.467132 
1.342400, 0.506991 
1.982200, 0.457673 
2.042200, 0.434838 
1.442400, 0.521602 
1.242400, 0.458217 
2.082200, 0.418711 
1.942200, 0.466832 
1.302400, 0.480642 
1.382400, 0.525428 
1.182400, 0.432313 
1.322400, 0.488120 
1.362400, 0.510953 
1.822400, 0.504161 
1.082600, 0.381279 
1.402400, 0.522181 
1.602400, 0.535112 
1.622400, 0.546536 
1.522400, 0.534776 
1.462400, 0.528108 
0.942600, 0.242465 
0.922600, 0.268058 
1.662400, 0.542507 
1.842400, 0.499427 
2.022400, 0.442708 
1.922200, 0.472480 
1.022600, 0.314045 
1.802400, 0.507707 
1.642400, 0.543605 
1.762400, 0.516443 
0.962600, 0.309422 
0.902600, 0.250526 
2.002400, 0.453894 
1.282600, 0.471321 
1.962400, 0.453657 
1.002600, 0.323162 
1.722400, 0.527485 
1.502600, 0.534460 
1.702400, 0.540318 
1.162600, 0.405387 
2.062400, 0.442637 
1.202600, 0.439968 
1.782400, 0.509537 
1.582400, 0.541825 
1.222600, 0.460116 
0.982600, 0.290758 
1.122600, 0.381624 
1.562600, 0.548365 
1.042600, 0.329403 
1.882400, 0.493539 
1.862400, 0.503512 
1.422600, 0.522486 
1.102600, 0.372750 
1.742400, 0.515740 
1.342600, 0.492150 
1.262600, 0.475788 
1.142600, 0.412752 
1.542600, 0.547316 
1.482600, 0.533055 
1.982400, 0.460368 
1.322600, 0.503973 
1.442600, 0.513434 
1.062600, 0.345828 
1.902400, 0.484872 
1.682400, 0.533098 
1.242600, 0.454407 
2.082400, 0.428847 
2.042400, 0.434931 
1.302600, 0.486640 
1.822600, 0.507107 
1.182600, 0.424261 
1.382600, 0.516797 
1.402600, 0.502259 
1.082801, 0.364432 
1.362600, 0.509190 
1.602600, 0.540597 
1.942400, 0.470249 
0.922800, 0.256916 
1.522600, 0.524602 
0.942800, 0.262525 
1.622600, 0.540896 
1.462600, 0.537255 
1.022800, 0.318531 
1.662600, 0.523921 
1.922400, 0.475038 
1.842600, 0.497809 
0.902800, 0.247044 
2.022600, 0.452801 
1.282800, 0.474363 
1.762600, 0.532911 
1.642600, 0.546403 
0.962800, 0.302326 
1.802600, 0.510865 
1.962600, 0.461114 
2.002600, 0.455770 
1.202801, 0.439767 
1.002800, 0.295776 
1.722600, 0.524641 
1.502800, 0.548863 
1.162800, 0.415094 
1.222800, 0.438982 
1.882600, 0.494097 
2.062600, 0.426471 
1.582600, 0.529961 
1.782600, 0.516908 
1.122800, 0.393727 
1.702600, 0.520166 
1.562800, 0.554386 
0.982800, 0.291810 
1.042800, 0.347369 
1.862600, 0.503494 
1.102800, 0.368677 
1.322801, 0.497199 
1.542800, 0.539259 
1.142800, 0.392222 
1.482800, 0.537635 
1.262800, 0.476590 
1.342800, 0.498378 
1.422800, 0.532795 
1.742600, 0.526531 
1.982600, 0.449221 
1.302800, 0.472334 
1.442801, 0.519305 
1.062800, 0.350002 
1.242800, 0.451801 
1.902600, 0.477943 
1.602800, 0.543729 
2.082600, 0.422201 
1.382800, 0.508783 
1.083001, 0.368981 
2.042600, 0.427030 
1.682600, 0.536456 
1.822801, 0.509657 
1.402800, 0.521393 
1.182800, 0.422565 
1.023000, 0.345207 
0.923000, 0.242613 
1.362800, 0.504442 
2.002800, 0.447945 
0.943000, 0.271262 
1.622800, 0.539362 
1.522800, 0.552313 
1.942600, 0.474279 
1.962801, 0.465793 
1.462801, 0.526615 
0.903000, 0.205391 
1.762800, 0.513234 
1.842800, 0.505676 
1.642800, 0.544225 
1.922600, 0.474063 
1.662800, 0.541101 
1.283000, 0.478901 
1.882800, 0.490336 
1.003000, 0.305219 
2.022800, 0.457693 
1.802800, 0.507007 
1.203001, 0.433702 
0.963000, 0.267682 
1.722800, 0.534208 
1.163000, 0.415267 
1.503000, 0.541268 
1.223001, 0.444219 
1.123001, 0.383980 
2.062800, 0.428754 
1.563000, 0.553633 
1.582801, 0.547053 
1.043000, 0.326242 
0.983000, 0.295447 
1.702801, 0.527255 
1.243001, 0.463385 
1.862800, 0.493935 
1.543000, 0.553904 
1.782800, 0.514889 
1.483001, 0.541229 
1.323001, 0.497945 
1.103001, 0.369452 
1.423000, 0.524989 
1.143000, 0.395336 
1.063000, 0.344307 
1.263000, 0.477857 
1.343001, 0.507433 
1.982800, 0.446576 
1.443001, 0.517549 
1.083201, 0.375525 
1.742800, 0.527257 
1.603001, 0.544133 
1.303000, 0.484882 
1.823001, 0.503166 
1.383000, 0.521332 
1.682800, 0.536342 
1.183000, 0.415974 
0.923200, 0.263737 
2.082800, 0.431847 
1.403000, 0.528175 
1.902800, 0.485966 
2.042800, 0.441770 
1.023201, 0.322185 
1.363001, 0.503353 
2.003000, 0.451970 
0.943200, 0.249140 
1.963001, 0.456706 
1.623001, 0.552155 
1.883000, 0.490523 
1.523000, 0.533826 
1.463001, 0.529357 
1.942801, 0.462049 
0.903200, 0.239638 
1.763000, 0.518675 
1.843001, 0.494688 
1.663000, 0.547167 
1.003201, 0.300748 
1.643000, 0.537633 
1.283201, 0.476127 
0.963200, 0.281885 
1.203201, 0.435492 
1.922800, 0.475259 
2.023000, 0.453021 
1.803000, 0.508309 
1.163200, 0.426657 
1.123201, 0.383835 
2.063000, 0.434158 
1.723001, 0.532566 
1.223201, 0.456204 
1.043200, 0.335610 
1.563200, 0.550366 
1.583001, 0.545154 
1.503201, 0.546429 
0.983200, 0.301862 
1.243201, 0.463550 
1.483201, 0.529845 
1.103201, 0.362049 
1.063200, 0.349124 
1.543200, 0.548401 
1.703001, 0.545001 
1.143201, 0.377250 
1.783000, 0.514783 
1.343201, 0.505114 
1.983001, 0.456254 
1.863001, 0.497279 
1.423200, 0.532107 
1.083401, 0.356160 
1.323201, 0.487815 
1.263201, 0.467788 
1.823201, 0.502706 
1.443201, 0.528735 
1.303200, 0.480523 
0.923400, 0.263600 
1.743001, 0.522766 
1.603201, 0.551582 
1.183200, 0.427731 
1.383201, 0.527633 
1.883201, 0.478868 
1.403201, 0.519900 
1.903000, 0.478353 
1.963201, 0.464440 
2.043000, 0.439018 
2.083000, 0.412257 
1.023401, 0.303569 
1.683000, 0.534081 
2.003201, 0.448383 
0.943400, 0.257111 
1.623201, 0.543263 
1.523201, 0.542685 
1.363201, 0.521318 
1.843201, 0.494070 
1.763201, 0.526372 
0.903400, 0.235443 
1.463201, 0.539329 
1.943001, 0.463671 
0.963400, 0.279762 
1.003401, 0.295037 
1.283401, 0.477626 
1.663200, 0.532456 
1.203401, 0.440039 
1.643201, 0.543977 
1.483401, 0.542643 
1.083601, 0.363923 
1.563401, 0.540298 
1.163401, 0.412865 
1.923000, 0.476609 
1.223401, 0.437264 
2.063200, 0.438230 
1.723201, 0.535351 
2.023201, 0.440118 
1.043401, 0.327777 
1.243401, 0.455290 
1.123401, 0.396463 
1.803200, 0.503396 
1.503401, 0.532351 
1.583201, 0.544195 
1.543401, 0.547328 
0.983400, 0.310309 
1.103401, 0.380745 
1.063401, 0.350899 
1.143401, 0.395636 
1.343401, 0.503241 
0.923600, 0.225585 
1.783201, 0.524179 
1.183401, 0.420198 
1.423401, 0.524325 
1.323401, 0.485576 
1.863201, 0.498537 
1.263401, 0.455323 
1.703201, 0.530670 
1.823401, 0.496805 
1.443401, 0.529119 
1.983201, 0.459700 
1.403401, 0.538350 
1.303401, 0.494008 
1.743201, 0.527171 
1.603401, 0.550027 
1.383401, 0.516364 
1.963401, 0.458625 
1.883401, 0.494941 
2.003401, 0.446234 
1.023601, 0.333460 
1.683200, 0.531283 
0.943600, 0.275791 
1.903201, 0.491788 
2.043200, 0.428995 
1.523401, 0.543948 
1.843401, 0.499487 
2.083200, 0.424217 
1.363401, 0.505356 
1.623401, 0.537876 
1.763401, 0.517443 
0.903600, 0.239268 
1.083801, 0.369793 
1.463401, 0.536458 
1.943201, 0.473793 
0.963600, 0.266841 
1.003601, 0.315254 
1.203601, 0.445742 
1.283601, 0.470957 
1.663401, 0.541658 
2.063401, 0.428236 
1.483601, 0.531692 
1.163601, 0.404378 
1.563601, 0.531370 
1.223601, 0.445328 
1.923200, 0.478649 
1.103601, 0.376016 
1.723401, 0.534686 
1.643401, 0.546028 
1.823601, 0.514810 
1.123601, 0.391731 
2.023401, 0.448041 
0.923800, 0.257069 
1.243601, 0.454902 
1.043601, 0.338295 
1.543601, 0.540800 
1.803401, 0.502911 
1.503601, 0.542823 
0.983600, 0.286220 
1.143601, 0.394678 
1.583401, 0.536278 
1.063601, 0.351367 
1.603601, 0.545262 
1.343601, 0.490288 
1.183601, 0.422807 
1.423601, 0.525100 
1.263601, 0.458433 
1.323601, 0.488044 
1.783401, 0.519981 
1.303601, 0.478244 
1.403601, 0.516334 
1.443601, 0.533317 
1.863401, 0.491166 
1.963601, 0.469862 
1.983401, 0.456027 
1.703401, 0.544909 
1.883601, 0.487416 
1.383601, 0.516255 
1.023801, 0.336760 
2.003601, 0.451528 
1.903401, 0.482584 
1.743401, 0.522483 
0.943799, 0.256370 
1.363601, 0.498410 
1.843601, 0.494114 
1.683401, 0.555625 
1.763601, 0.529755 
1.084001, 0.370491 
2.043401, 0.439852 
1.523601, 0.541251 
0.903799, 0.239157 
2.083400, 0.427762 
1.623601, 0.541374 
0.963799, 0.292318 
1.463601, 0.539287 
1.003801, 0.322994 
1.823801, 0.515423 
0.923999, 0.262510 
1.483801, 0.535943 
1.203801, 0.436247 
2.063601, 0.420825 
1.943401, 0.474671 
1.663601, 0.540839 
1.283801, 0.486850 
1.563801, 0.552595 
1.643601, 0.554802 
1.163801, 0.409999 
1.103801, 0.394916 
1.923401, 0.475729 
1.043801, 0.336908 
1.543801, 0.533775 
1.223801, 0.430798 
1.123801, 0.378573 
1.723601, 0.518313 
1.243801, 0.454508 
1.603801, 0.548076 
2.023601, 0.440026 
1.143801, 0.396963 
1.583601, 0.531105 
1.063801, 0.349090 
1.803601, 0.509705 
1.503801, 0.537546 
0.983800, 0.291899 
1.183801, 0.433548 
1.343801, 0.501348 
1.323801, 0.503221 
1.263801, 0.461024 
1.423801, 0.529430 
1.303801, 0.485413 
1.963801, 0.469983 
1.403801, 0.514204 
1.883801, 0.477065 
1.783601, 0.514311 
1.703601, 0.528660 
1.443801, 0.528801 
1.863601, 0.488901 
1.024001, 0.332015 
0.943999, 0.278101 
1.383801, 0.524260 
1.743601, 0.524225 
2.003801, 0.452059 
1.983601, 0.457461 
1.084201, 0.355943 
1.363801, 0.510505 
1.843801, 0.512031 
1.683601, 0.536743 
1.903601, 0.476201 
1.763801, 0.532060 
0.903999, 0.240342 
0.963999, 0.273826 
2.043601, 0.437674 
1.824001, 0.506225 
1.623801, 0.554661 
1.523801, 0.540933 
2.083601, 0.424364 
0.924199, 0.266172 
1.463801, 0.532483 
1.004001, 0.301930 
1.484001, 0.531267 
2.063801, 0.437443 
1.544001, 0.535148 
1.564001, 0.544052 
1.204001, 0.438303 
1.044001, 0.332060 
1.663801, 0.530936 
1.284001, 0.477376 
1.643801, 0.542141 
1.943601, 0.469871 
1.104001, 0.377714 
1.224001, 0.455132 
1.164001, 0.415877 
1.604001, 0.549532 
1.923601, 0.481491 
1.124001, 0.398374 
1.723801, 0.528134 
1.244001, 0.455120 
1.064001, 0.345533 
1.144001, 0.401499 
1.504001, 0.534868 
0.983999, 0.300329 
1.583801, 0.534443 
1.884001, 0.483869 
1.304001, 0.485352 
1.184001, 0.426932 
1.803801, 0.512270 
2.023801, 0.436999 
1.964001, 0.459784 
1.324001, 0.504967 
1.424001, 0.532639 
1.444001, 0.528050 
1.344001, 0.499555 
1.404001, 0.522821 
1.264001, 0.459545 
1.783801, 0.511591 
1.703801, 0.529002 
1.743801, 0.524504 
0.944199, 0.255592 
1.024201, 0.308217 
1.084401, 0.361335 
2.004001, 0.451281 
1.844001, 0.488883 
1.384001, 0.515800 
1.863801, 0.479409 
1.364001, 0.521260 
1.683801, 0.520990 
1.764001, 0.530477 
0.904199, 0.203130 
1.903801, 0.484628 
0.964199, 0.260137 
1.484201, 0.534280 
1.983801, 0.465721 
0.924399, 0.240446 
1.824201, 0.511099 
1.464001, 0.526265 
1.544201, 0.535291 
1.564201, 0.546093 
1.004201, 0.287160 
2.043801, 0.445863 
1.624001, 0.535496 
1.524001, 0.547068 
2.064001, 0.433521 
2.083801, 0.420806 
1.164201, 0.416305 
1.204201, 0.439430 
1.604201, 0.549149 
1.284201, 0.479762 
1.044201, 0.335018 
1.224201, 0.454694 
1.104201, 0.371879 
1.664001, 0.539521 
1.644001, 0.539145 
1.943801, 0.462845 
0.984199, 0.312162 
1.304201, 0.496099 
1.923801, 0.477763 
1.064201, 0.344795 
1.184201, 0.439011 
1.124201, 0.392474 
1.504201, 0.544000 
1.884201, 0.487886 
2.024001, 0.444965 
1.244201, 0.446764 
1.144201, 0.393642 
1.724001, 0.519163 
1.584001, 0.552046 
1.964201, 0.460076 
1.424201, 0.519983 
1.324201, 0.493745 
1.404201, 0.516884 
1.804001, 0.504385 
1.084601, 0.364279 
1.444201, 0.544541 
1.784001, 0.521869 
0.944399, 0.251567 
1.264201, 0.472044 
1.344201, 0.505534 
1.024401, 0.317543 
1.744001, 0.519313 
1.704001, 0.537345 
2.004201, 0.443451 
1.844201, 0.501197 
1.764201, 0.513145 
1.384201, 0.507366 
1.364201, 0.516995 
1.684001, 0.543398 
0.924599, 0.251641 
1.824401, 0.499953 
0.904399, 0.251017 
0.964399, 0.273345 
1.864001, 0.496482 
1.484401, 0.542141 
1.004401, 0.308091 
1.904001, 0.481216 
1.464201, 0.532168 
1.544401, 0.540323 
1.984001, 0.461815 
1.564401, 0.545500 
1.524201, 0.548406 
1.624201, 0.542843 
2.084001, 0.418527 
2.064201, 0.428022 
1.164401, 0.408324 
1.604401, 0.538065 
1.204401, 0.442365 
2.044001, 0.445837 
1.284401, 0.480850 
1.664201, 0.536974 
1.224401, 0.445780 
1.104401, 0.393402 
1.044401, 0.336811 
0.984399, 0.311818 
1.644201, 0.544111 
1.304401, 0.493407 
1.064401, 0.360041 
1.944001, 0.471673 
1.184401, 0.438044 
1.884401, 0.479831 
1.124401, 0.395048 
1.244401, 0.454028 
1.504401, 0.541489 
1.584201, 0.538518 
1.144401, 0.401356 
1.924001, 0.468932 
1.724201, 0.538246 
1.084801, 0.368206 
2.024201, 0.447101 
0.944599, 0.269792 
1.404401, 0.525394 
2.004401, 0.453221 
1.964401, 0.472727 
1.324401, 0.487555 
1.424401, 0.512992 
1.804201, 0.513939 
1.444401, 0.532929 
1.264401, 0.474977 
1.744201, 0.524309 
1.344401, 0.501622 
1.784201, 0.517235 
1.024601, 0.322805 
0.924799, 0.244641 
1.764401, 0.517250 
1.844401, 0.491800 
1.824601, 0.508849 
0.904599, 0.213803 
1.384401, 0.503251 
1.704201, 0.532066 
1.364401, 0.497883 
1.564601, 0.547204 
0.964599, 0.282699 
1.864201, 0.497090 
1.684201, 0.539909 
1.484601, 0.527655 
1.004601, 0.294438 
1.464401, 0.531326 
1.544601, 0.542513 
1.984201, 0.462181 
2.064401, 0.431947 
1.204601, 0.438072 
1.904201, 0.485591 
1.624401, 0.541896 
1.524401, 0.546747 
1.604601, 0.545838 
1.664401, 0.526835 
1.164601, 0.412656 
2.084201, 0.418982 
1.224601, 0.445773 
1.284601, 0.475037 
1.044601, 0.343381 
1.104601, 0.376911 
2.044201, 0.442348 
0.984599, 0.314151 
1.304601, 0.479586 
1.064601, 0.349728 
1.884601, 0.487858 
1.944201, 0.467195 
1.184601, 0.421714 
1.144601, 0.404334 
1.085001, 0.380866 
1.644401, 0.548202 
0.944799, 0.290756 
1.504601, 0.540893 
1.124601, 0.405850 
1.244601, 0.458188 
1.584401, 0.547829 
1.724401, 0.527307 
1.404601, 0.507951 
2.004601, 0.452592 
1.924201, 0.479506 
1.964601, 0.460233 
1.324601, 0.499688 
2.024401, 0.438891 
1.844601, 0.502038 
1.444601, 0.535367 
1.424601, 0.529208 
1.264601, 0.470314 
1.024801, 0.326645 
0.924999, 0.272199 
1.344601, 0.497938 
1.804401, 0.514784 
1.824801, 0.495559 
0.904799, 0.249781 
1.764601, 0.520189 
1.564801, 0.537115 
1.384601, 0.517710 
1.704401, 0.533401 
1.744401, 0.528026 
1.784401, 0.512178 
1.364601, 0.505174 
0.964799, 0.299814 
1.484801, 0.536037 
1.464601, 0.546320 
1.004801, 0.304855 
1.544801, 0.549524 
1.864401, 0.500362 
1.684401, 0.524334 
2.064601, 0.435569 
1.984401, 0.462850 
1.604801, 0.558041 
1.204801, 0.434024 
1.624601, 0.534372 
1.904401, 0.489107 
1.524601, 0.531844 
1.504801, 0.544057 
1.164801, 0.405255 
1.224801, 0.441433 
1.664601, 0.543292 
1.284801, 0.480207 
1.044801, 0.350805 
1.104801, 0.384716 
1.884801, 0.489489 
1.184801, 0.429914 
1.304801, 0.486996 
2.084401, 0.423035 
0.984799, 0.297594 
1.085201, 0.359597 
1.064801, 0.347659 
1.565001, 0.549915 
0.944999, 0.268112 
2.044401, 0.437249 
1.244801, 0.465482 
1.944401, 0.463728 
1.144801, 0.406294 
0.925199, 0.276402 
1.644601, 0.538080 
1.124801, 0.403715 
1.964801, 0.459804 
2.004801, 0.456744 
1.924401, 0.483238 
1.264801, 0.467922 
1.724601, 0.538539 
1.404801, 0.526026 
1.584601, 0.540491 
1.844801, 0.502318 
1.444801, 0.528161 
1.825001, 0.520134 
1.344801, 0.507233 
1.324801, 0.501361 
0.904999, 0.209071 
1.025001, 0.319510 
1.424801, 0.517706 
2.024601, 0.445263 
1.764801, 0.527441 
1.744601, 0.518905 
1.804601, 0.515797 
0.964999, 0.272231 
1.384801, 0.529074 
1.005001, 0.306326 
1.364801, 0.516891 
1.784601, 0.518547 
1.485001, 0.537368 
1.704601, 0.527831 
1.545001, 0.557116 
1.464801, 0.535497 
1.684601, 0.535554 
1.864601, 0.501304 
2.064801, 0.428533 
1.205001, 0.428164 
1.605001, 0.543876 
1.984601, 0.455165 
1.105001, 0.380825 
1.624801, 0.539941 
1.285001, 0.471827 
1.524801, 0.537646 
1.664801, 0.540325 
1.505001, 0.536642 
1.165001, 0.418936 
1.045001, 0.325124 
1.085401, 0.382744 
1.225001, 0.451323 
1.904601, 0.485244 
1.885001, 0.483665 
1.644801, 0.535433 
1.185001, 0.424413 
1.305001, 0.485581 
0.925399, 0.256905 
1.065001, 0.359327 
0.945199, 0.277458 
1.565201, 0.538503 
0.984999, 0.277238 
1.245001, 0.465187 
2.084601, 0.425531 
1.125001, 0.393570 
1.145001, 0.403387 
1.265001, 0.469471 
1.944601, 0.474761 
1.965001, 0.452713 
2.005001, 0.448953 
2.044601, 0.441006 
1.825201, 0.509230 
1.845001, 0.492327 
1.405001, 0.519578 
1.924601, 0.484289 
1.345001, 0.495117 
1.445001, 0.536880 
0.905199, 0.249127 
1.584801, 0.538920 
1.724801, 0.516054 
1.025201, 0.327543 
1.325001, 0.488360 
1.425001, 0.528269 
1.765001, 0.515446 
1.005201, 0.313195 
2.024801, 0.440676 
1.744801, 0.523410 
0.965199, 0.262794 
1.485201, 0.533406 
1.365001, 0.504814 
1.385001, 0.515128 
1.545201, 0.545211 
1.605201, 0.542796 
1.804801, 0.491383 
1.784801, 0.509889 
1.704801, 0.534067 
1.205201, 0.446735 
1.465001, 0.527290 
1.684801, 0.541125 
2.065001, 0.426454 
1.984801, 0.458276 
1.285201, 0.481921 
1.864801, 0.492781 
1.105201, 0.380883 
1.245201, 0.454299 
1.645001, 0.550196 
1.625001, 0.539576 
1.085601, 0.356734 
1.525001, 0.544717 
0.925599, 0.250196 
1.045201, 0.326104 
1.505201, 0.537024 
1.885201, 0.491337 
1.165201, 0.423666 
1.225201, 0.458156 
1.665001, 0.539549 
1.185201, 0.418410 
1.904801, 0.478510 
1.565401, 0.552840 
1.065201, 0.339815 
0.945399, 0.276771 
1.305201, 0.486845 
0.985199, 0.289349 
1.125201, 0.396233 
1.145201, 0.409008 
1.944801, 0.464453 
1.845201, 0.492082 
2.084801, 0.423766 
1.965201, 0.462327 
2.005201, 0.454217 
1.265201, 0.475565 
1.325201, 0.494588 
1.825401, 0.506713 
1.405201, 0.529906 
1.345201, 0.497990 
0.905399, 0.250637 
2.044801, 0.435101 
1.725001, 0.523046 
1.445201, 0.516373 
1.585001, 0.554680 
1.025401, 0.321478 
1.924801, 0.478727 
