-1632.000000 
-1668.000000 
-1712.000000 
-1588.000000 
-1628.000000 
-1584.000000 
-1564.000000 
-1652.000000 
-1436.000000 
-1472.000000 
-1520.000000 
-1636.000000 
-1504.000000 
-1560.000000 
-1508.000000 
-1440.000000 
-1516.000000 
-1496.000000 
-1528.000000 
-1444.000000 
-1604.000000 
-1536.000000 
-1500.000000 
-1644.000000 
-1504.000000 
-1480.000000 
-1408.000000 
-1472.000000 
-1588.000000 
-1448.000000 
-1504.000000 
-1432.000000 
-1524.000000 
-1540.000000 
-1604.000000 
-1560.000000 
-1592.000000 
-1480.000000 
-1548.000000 
-1608.000000 
-1540.000000 
-1480.000000 
-1448.000000 
-1544.000000 
-1424.000000 
-1476.000000 
-1552.000000 
-1564.000000 
-1528.000000 
-1576.000000 
-1712.000000 
-1564.000000 
-1568.000000 
-1704.000000 
-1724.000000 
-1612.000000 
-1640.000000 
-1700.000000 
-1616.000000 
-1580.000000 
-1576.000000 
-1524.000000 
-1592.000000 
-1524.000000 
-1584.000000 
-1524.000000 
-1536.000000 
-1620.000000 
-1700.000000 
-1672.000000 
-1488.000000 
-1468.000000 
-1620.000000 
-1492.000000 
-1380.000000 
-1504.000000 
-1448.000000 
-1508.000000 
-1520.000000 
-1616.000000 
-1584.000000 
-1472.000000 
-1520.000000 
-1584.000000 
-1568.000000 
-1408.000000 
-1412.000000 
-1400.000000 
-1412.000000 
-1540.000000 
-1528.000000 
-1632.000000 
-1612.000000 
-1648.000000 
-1560.000000 
-1624.000000 
-1540.000000 
-1732.000000 
-1584.000000 
-1544.000000 
-1464.000000 
-1552.000000 
-1440.000000 
-1492.000000 
-1464.000000 
-1504.000000 
-1516.000000 
-1672.000000 
-1648.000000 
-1536.000000 
-1540.000000 
-1460.000000 
-1496.000000 
-1524.000000 
-1500.000000 
-1436.000000 
-1492.000000 
-1524.000000 
-1440.000000 
-1400.000000 
-1444.000000 
-1496.000000 
-1632.000000 
-1560.000000 
-1612.000000 
-1532.000000 
-1504.000000 
-1532.000000 
-1500.000000 
-1528.000000 
-1680.000000 
-1552.000000 
-1480.000000 
-1492.000000 
-1480.000000 
-1464.000000 
-1552.000000 
-1564.000000 
-1460.000000 
-1580.000000 
-1560.000000 
-1544.000000 
-1624.000000 
-1624.000000 
-1476.000000 
-1628.000000 
-1676.000000 
-1572.000000 
-1696.000000 
-1664.000000 
-1740.000000 
-1756.000000 
-1628.000000 
-1612.000000 
-1712.000000 
-1680.000000 
-1496.000000 
-1532.000000 
-1376.000000 
-1556.000000 
-1456.000000 
-1344.000000 
-1360.000000 
-1572.000000 
-1548.000000 
-1556.000000 
-1568.000000 
-1496.000000 
-1472.000000 
-1632.000000 
-1592.000000 
-1496.000000 
-1564.000000 
-1652.000000 
-1652.000000 
-1720.000000 
-1788.000000 
-1604.000000 
-1636.000000 
-1536.000000 
-1372.000000 
-1656.000000 
-1576.000000 
-1516.000000 
-1416.000000 
-1524.000000 
-1380.000000 
-1572.000000 
-1680.000000 
-1616.000000 
-1668.000000 
-1556.000000 
-1512.000000 
-1672.000000 
-1524.000000 
-1472.000000 
-1576.000000 
-1648.000000 
-1600.000000 
-1544.000000 
-1536.000000 
-1556.000000 
-1464.000000 
-1568.000000 
-1440.000000 
-1628.000000 
-1656.000000 
-1672.000000 
-1780.000000 
-1688.000000 
-1504.000000 
-1488.000000 
-1604.000000 
-1596.000000 
-1504.000000 
-1652.000000 
-1652.000000 
-1648.000000 
-1540.000000 
-1596.000000 
-1564.000000 
-1524.000000 
-1460.000000 
-1584.000000 
-1480.000000 
-1424.000000 
-1556.000000 
-1476.000000 
-1528.000000 
-1656.000000 
-1688.000000 
-1684.000000 
-1672.000000 
-1608.000000 
-1432.000000 
-1448.000000 
-1536.000000 
-1472.000000 
-1428.000000 
-1420.000000 
-1468.000000 
-1472.000000 
-1540.000000 
-1608.000000 
-1536.000000 
-1484.000000 
-1484.000000 
-1532.000000 
-1508.000000 
-1544.000000 
-1504.000000 
-1556.000000 
-1516.000000 
-1504.000000 
-1668.000000 
-1652.000000 
-1508.000000 
-1416.000000 
-1476.000000 
-1596.000000 
-1468.000000 
-1392.000000 
-1444.000000 
-1492.000000 
-1468.000000 
-1388.000000 
-1480.000000 
-1616.000000 
-1516.000000 
-1592.000000 
-1568.000000 
-1640.000000 
-1588.000000 
-1804.000000 
-1568.000000 
-1472.000000 
-1616.000000 
-1704.000000 
-1524.000000 
-1580.000000 
-1492.000000 
-1600.000000 
-1556.000000 
-1560.000000 
-1600.000000 
-1468.000000 
-1572.000000 
-1660.000000 
-1760.000000 
-1596.000000 
-1560.000000 
-1600.000000 
-1568.000000 
-1508.000000 
-1556.000000 
-1656.000000 
-1492.000000 
-1492.000000 
-1532.000000 
-1544.000000 
-1480.000000 
-1600.000000 
-1540.000000 
-1656.000000 
-1516.000000 
-1524.000000 
-1448.000000 
-1456.000000 
-1552.000000 
-1508.000000 
-1496.000000 
-1488.000000 
-1480.000000 
-1512.000000 
-1536.000000 
-1644.000000 
-1668.000000 
-1596.000000 
-1464.000000 
-1516.000000 
-1516.000000 
-1424.000000 
-1464.000000 
-1484.000000 
-1572.000000 
-1584.000000 
-1432.000000 
-1472.000000 
-1596.000000 
-1664.000000 
-1644.000000 
-1564.000000 
-1608.000000 
-1528.000000 
-1528.000000 
-1496.000000 
-1372.000000 
-1508.000000 
-1532.000000 
-1656.000000 
-1676.000000 
-1660.000000 
-1336.000000 
-1436.000000 
-1548.000000 
-1528.000000 
-1456.000000 
-1492.000000 
-1524.000000 
-1556.000000 
-1448.000000 
-1376.000000 
-1492.000000 
-1592.000000 
-1484.000000 
-1636.000000 
-1472.000000 
-1536.000000 
-1452.000000 
-1420.000000 
-1344.000000 
-1512.000000 
-1604.000000 
-1624.000000 
-1532.000000 
-1396.000000 
-1516.000000 
-1564.000000 
-1488.000000 
-1628.000000 
-1376.000000 
-1416.000000 
-1448.000000 
-1500.000000 
-1600.000000 
-1664.000000 
-1700.000000 
-1752.000000 
-1688.000000 
-1548.000000 
-1512.000000 
-1572.000000 
-1604.000000 
-1548.000000 
-1524.000000 
-1508.000000 
-1552.000000 
-1576.000000 
-1448.000000 
-1520.000000 
-1480.000000 
-1648.000000 
-1460.000000 
-1516.000000 
-1528.000000 
-1648.000000 
-1608.000000 
-1604.000000 
-1556.000000 
-1444.000000 
-1440.000000 
-1440.000000 
-1480.000000 
-1600.000000 
-1680.000000 
-1624.000000 
-1528.000000 
-1404.000000 
-1428.000000 
-1364.000000 
-1456.000000 
-1484.000000 
-1456.000000 
-1372.000000 
-1428.000000 
-1456.000000 
-1664.000000 
-1600.000000 
-1504.000000 
-1468.000000 
-1584.000000 
-1640.000000 
-1624.000000 
-1700.000000 
-1560.000000 
-1676.000000 
-1492.000000 
-1640.000000 
-1420.000000 
-1368.000000 
-1556.000000 
-1636.000000 
-1504.000000 
-1576.000000 
-1528.000000 
-1532.000000 
-1632.000000 
-1552.000000 
-1416.000000 
-1468.000000 
-1352.000000 
-1368.000000 
-1580.000000 
-1632.000000 
-1604.000000 
-1620.000000 
-1644.000000 
-1708.000000 
-1620.000000 
-1568.000000 
-1424.000000 
-1536.000000 
-1400.000000 
-1516.000000 
-1556.000000 
-1668.000000 
-1584.000000 
-1628.000000 
-1476.000000 
-1596.000000 
-1392.000000 
-1404.000000 
-1436.000000 
-1404.000000 
-1320.000000 
-1444.000000 
-1524.000000 
-1484.000000 
-1568.000000 
-1584.000000 
-1576.000000 
-1528.000000 
-1552.000000 
-1440.000000 
-1468.000000 
-1500.000000 
-1608.000000 
-1416.000000 
-1512.000000 
-1576.000000 
-1476.000000 
-1412.000000 
-1468.000000 
-1528.000000 
-1540.000000 
-1468.000000 
-1560.000000 
-1492.000000 
-1512.000000 
-1584.000000 
-1484.000000 
-1520.000000 
-1448.000000 
-1476.000000 
-1560.000000 
-1592.000000 
-1564.000000 
-1456.000000 
-1536.000000 
-1504.000000 
-1708.000000 
-1528.000000 
-1496.000000 
-1604.000000 
-1688.000000 
-1712.000000 
-1648.000000 
-1576.000000 
-1592.000000 
-1572.000000 
-1536.000000 
-1448.000000 
-1432.000000 
-1428.000000 
-1544.000000 
-1692.000000 
-1496.000000 
-1524.000000 
-1488.000000 
-1588.000000 
-1484.000000 
-1524.000000 
-1508.000000 
-1584.000000 
-1592.000000 
-1584.000000 
-1580.000000 
-1412.000000 
-1564.000000 
-1576.000000 
-1596.000000 
-1400.000000 
-1488.000000 
-1460.000000 
-1532.000000 
-1640.000000 
-1608.000000 
-1596.000000 
-1536.000000 
-1460.000000 
-1520.000000 
-1536.000000 
-1408.000000 
-1540.000000 
-1508.000000 
-1500.000000 
-1568.000000 
-1588.000000 
-1540.000000 
-1640.000000 
-1468.000000 
-1464.000000 
-1524.000000 
-1576.000000 
-1564.000000 
-1620.000000 
-1520.000000 
-1484.000000 
-1340.000000 
-1488.000000 
-1488.000000 
-1460.000000 
-1584.000000 
-1792.000000 
-1792.000000 
-1576.000000 
-1556.000000 
-1520.000000 
-1784.000000 
-1632.000000 
-1488.000000 
-1448.000000 
-1428.000000 
-1556.000000 
-1592.000000 
-1636.000000 
-1484.000000 
-1620.000000 
-1468.000000 
-1556.000000 
-1584.000000 
-1676.000000 
-1508.000000 
-1508.000000 
-1516.000000 
-1464.000000 
-1588.000000 
-1608.000000 
-1516.000000 
-1480.000000 
-1556.000000 
-1592.000000 
-1652.000000 
-1532.000000 
-1468.000000 
-1516.000000 
-1652.000000 
-1588.000000 
-1668.000000 
-1640.000000 
-1552.000000 
-1620.000000 
-1488.000000 
-1608.000000 
-1620.000000 
-1516.000000 
-1464.000000 
-1476.000000 
-1376.000000 
-1484.000000 
-1432.000000 
-1488.000000 
-1580.000000 
-1520.000000 
-1504.000000 
-1436.000000 
-1512.000000 
-1472.000000 
-1528.000000 
-1604.000000 
-1516.000000 
-1456.000000 
-1496.000000 
-1500.000000 
-1424.000000 
-1480.000000 
-1544.000000 
-1552.000000 
-1512.000000 
-1612.000000 
-1484.000000 
-1596.000000 
-1472.000000 
-1592.000000 
-1536.000000 
-1560.000000 
-1480.000000 
-1504.000000 
-1600.000000 
-1484.000000 
-1720.000000 
-1576.000000 
-1600.000000 
-1480.000000 
-1504.000000 
-1496.000000 
-1532.000000 
-1456.000000 
-1676.000000 
-1612.000000 
-1600.000000 
-1560.000000 
-1656.000000 
-1504.000000 
-1392.000000 
-1488.000000 
-1524.000000 
-1540.000000 
-1520.000000 
-1600.000000 
-1552.000000 
-1588.000000 
-1404.000000 
-1532.000000 
-1528.000000 
-1580.000000 
-1552.000000 
-1580.000000 
-1588.000000 
-1608.000000 
-1556.000000 
-1572.000000 
-1552.000000 
-1548.000000 
-1540.000000 
-1468.000000 
-1564.000000 
-1512.000000 
-1460.000000 
-1596.000000 
-1564.000000 
-1456.000000 
-1468.000000 
-1648.000000 
-1704.000000 
-1628.000000 
-1620.000000 
-1564.000000 
-1528.000000 
-1620.000000 
-1504.000000 
-1612.000000 
-1484.000000 
-1428.000000 
-1488.000000 
-1684.000000 
-1520.000000 
-1668.000000 
-1576.000000 
-1524.000000 
-1576.000000 
-1592.000000 
-1424.000000 
-1400.000000 
-1548.000000 
-1544.000000 
-1380.000000 
-1416.000000 
-1472.000000 
-1532.000000 
-1504.000000 
-1620.000000 
-1640.000000 
-1552.000000 
-1524.000000 
-1472.000000 
-1448.000000 
-1456.000000 
-1460.000000 
-1492.000000 
-1512.000000 
-1600.000000 
-1572.000000 
-1480.000000 
-1604.000000 
-1684.000000 
-1560.000000 
-1524.000000 
-1652.000000 
-1680.000000 
-1596.000000 
-1680.000000 
-1692.000000 
-1492.000000 
-1552.000000 
-1508.000000 
-1576.000000 
-1580.000000 
-1572.000000 
-1688.000000 
-1716.000000 
-1528.000000 
-1564.000000 
-1560.000000 
-1376.000000 
-1272.000000 
-1492.000000 
-1520.000000 
-1556.000000 
-1544.000000 
-1684.000000 
-1608.000000 
-1624.000000 
-1568.000000 
-1536.000000 
-1516.000000 
-1488.000000 
-1504.000000 
-1588.000000 
-1652.000000 
-1520.000000 
-1548.000000 
-1476.000000 
-1564.000000 
-1540.000000 
-1532.000000 
-1548.000000 
-1548.000000 
-1540.000000 
-1648.000000 
-1532.000000 
-1408.000000 
-1304.000000 
-1536.000000 
-1448.000000 
-1484.000000 
-1604.000000 
-1588.000000 
-1480.000000 
-1516.000000 
-1496.000000 
-1448.000000 
-1540.000000 
-1568.000000 
-1620.000000 
-1508.000000 
-1624.000000 
-1556.000000 
-1472.000000 
-1332.000000 
-1468.000000 
-1484.000000 
-1588.000000 
-1596.000000 
-1344.000000 
-1476.000000 
-1376.000000 
-1372.000000 
-1568.000000 
-1560.000000 
-1592.000000 
-1548.000000 
-1584.000000 
-1436.000000 
-1472.000000 
-1528.000000 
-1576.000000 
-1564.000000 
-1508.000000 
-1536.000000 
-1580.000000 
-1496.000000 
-1676.000000 
-1672.000000 
-1476.000000 
-1376.000000 
-1496.000000 
-1520.000000 
-1644.000000 
-1600.000000 
-1520.000000 
-1464.000000 
-1508.000000 
-1496.000000 
-1552.000000 
-1640.000000 
-1620.000000 
-1572.000000 
-1364.000000 
-1504.000000 
-1560.000000 
-1548.000000 
-1528.000000 
-1468.000000 
-1440.000000 
-1500.000000 
-1456.000000 
-1468.000000 
-1388.000000 
-1512.000000 
-1480.000000 
-1488.000000 
-1524.000000 
-1448.000000 
-1480.000000 
-1496.000000 
-1536.000000 
-1616.000000 
-1568.000000 
-1572.000000 
-1440.000000 
-1436.000000 
-1460.000000 
-1508.000000 
-1512.000000 
-1528.000000 
-1620.000000 
-1536.000000 
-1596.000000 
-1408.000000 
-1484.000000 
-1440.000000 
-1524.000000 
-1472.000000 
-1472.000000 
-1524.000000 
-1528.000000 
-1604.000000 
-1672.000000 
-1660.000000 
-1524.000000 
-1492.000000 
-1572.000000 
-1560.000000 
-1592.000000 
-1672.000000 
-1632.000000 
-1628.000000 
-1512.000000 
-1584.000000 
-1744.000000 
-1584.000000 
-1448.000000 
-1504.000000 
-1616.000000 
-1620.000000 
-1540.000000 
-1404.000000 
-1508.000000 
-1532.000000 
-1432.000000 
-1532.000000 
-1440.000000 
-1468.000000 
-1436.000000 
-1544.000000 
-1504.000000 
-1464.000000 
-1448.000000 
-1500.000000 
-1592.000000 
-1500.000000 
-1468.000000 
-1476.000000 
-1428.000000 
-1540.000000 
-1604.000000 
-1448.000000 
-1500.000000 
-1488.000000 
-1556.000000 
-1680.000000 
-1592.000000 
-1532.000000 
-1396.000000 
-1596.000000 
-1504.000000 
-1592.000000 
-1492.000000 
-1480.000000 
-1444.000000 
-1448.000000 
-1588.000000 
-1616.000000 
-1432.000000 
-1300.000000 
-1580.000000 
-1528.000000 
-1620.000000 
-1560.000000 
-1488.000000 
-1500.000000 
-1500.000000 
-1524.000000 
-1628.000000 
-1532.000000 
-1552.000000 
-1524.000000 
-1624.000000 
-1464.000000 
-1524.000000 
-1416.000000 
-1392.000000 
-1340.000000 
-1396.000000 
-1452.000000 
-1488.000000 
-1652.000000 
-1576.000000 
-1592.000000 
-1592.000000 
-1572.000000 
-1652.000000 
-1496.000000 
-1428.000000 
-1552.000000 
-1528.000000 
-1616.000000 
-1544.000000 
-1616.000000 
-1528.000000 
-1480.000000 
-1424.000000 
-1348.000000 
-1444.000000 
-1492.000000 
-1512.000000 
-1460.000000 
-1600.000000 
-1624.000000 
-1560.000000 
-1508.000000 
-1564.000000 
-1568.000000 
-1516.000000 
-1624.000000 
-1564.000000 
-1528.000000 
-1500.000000 
-1584.000000 
-1440.000000 
-1532.000000 
-1512.000000 
-1520.000000 
-1464.000000 
-1560.000000 
-1688.000000 
-1540.000000 
-1456.000000 
-1564.000000 
-1628.000000 
-1560.000000 
-1540.000000 
-1528.000000 
-1504.000000 
-1624.000000 
-1508.000000 
-1472.000000 
-1516.000000 
-1528.000000 
