0.600000, 0.079348 0.347217 sec
0.620000, 1.391083 0.330459 sec
0.640000, 0.787561 0.330805 sec
0.660000, 1.086856 0.330243 sec
0.680000, 1.184313 0.330884 sec
0.700000, 0.780773 0.330077 sec
0.720000, 0.552448 0.330038 sec
0.740000, 1.278223 0.331529 sec
0.760000, 0.505473 0.329952 sec
0.780000, 0.827710 0.331223 sec
0.800000, 0.365610 0.330202 sec
0.820000, 0.475638 0.331289 sec
0.840000, 0.571241 0.329828 sec
0.860000, 0.349451 0.331375 sec
0.880000, 0.342572 0.330219 sec
0.900000, 0.475987 0.330205 sec
0.920000, 0.476538 0.331190 sec
0.940000, 0.993278 0.330551 sec
0.960000, 0.459041 0.331316 sec
0.980000, 0.683642 0.330248 sec
1.000000, 0.610540 0.331160 sec
1.020000, 1.418319 0.330167 sec
1.040000, 0.694004 0.331411 sec
1.060000, 0.586594 0.330586 sec
1.080000, 0.693752 0.331602 sec
1.100000, 0.692626 0.329925 sec
1.120000, 0.681970 0.330766 sec
1.140000, 0.967386 0.331796 sec
1.160000, 0.940769 0.331097 sec
1.180000, 0.818826 0.331540 sec
1.200000, 0.680920 0.330863 sec
1.220000, 1.079584 0.331690 sec
1.240000, 0.845657 0.330390 sec
1.260000, 0.872558 0.331828 sec
1.280000, 1.014022 0.330896 sec
1.300000, 0.984415 0.331592 sec
1.320000, 1.089848 0.330820 sec
1.340000, 1.215213 0.331923 sec
1.360000, 1.206866 0.330699 sec
1.380000, 0.924131 0.331788 sec
1.400000, 0.858828 0.330948 sec
1.420000, 0.944410 0.331197 sec
1.440000, 1.061344 0.330667 sec
1.460000, 0.918254 0.331740 sec
1.480000, 0.936028 0.330885 sec
1.500000, 0.919161 0.331812 sec
1.520000, 1.107948 0.330379 sec
1.540000, 1.125357 0.331635 sec
1.560000, 1.000879 0.330682 sec
1.580000, 0.936338 0.331925 sec
1.600000, 0.913991 0.330698 sec
1.620000, 0.982325 0.330672 sec
1.640000, 1.069719 0.332046 sec
1.660000, 0.923542 0.330579 sec
1.680000, 0.852172 0.331667 sec
1.700000, 0.988319 0.330610 sec
1.720000, 0.846350 0.331830 sec
1.740000, 0.987203 0.329187 sec
1.760000, 0.865333 0.331491 sec
1.780000, 0.847509 0.330722 sec
1.800000, 0.755462 0.331911 sec
1.820000, 0.844308 0.331904 sec
1.840000, 0.886572 0.330106 sec
1.860000, 0.725894 0.331008 sec
1.880000, 0.752616 0.331560 sec
1.900000, 0.803933 0.330591 sec
1.920000, 0.733687 0.331719 sec
1.940000, 0.707588 0.330919 sec
1.960000, 0.705975 0.331407 sec
1.980000, 0.708032 0.330438 sec
2.000000, 0.662414 0.331715 sec
2.020000, 0.626182 0.329887 sec
2.040000, 0.678703 0.331474 sec
2.060000, 0.707324 0.329753 sec
2.080000, 0.641728 0.331784 sec
2.100000, 0.589772 0.330922 sec
2.120000, 0.615477 0.331908 sec
2.140000, 0.616164 0.330569 sec
2.160000, 0.598567 0.332011 sec
2.180000, 0.590338 0.330673 sec
2.200000, 0.571640 0.331830 sec
2.220000, 0.595836 0.330929 sec
2.240000, 0.550182 0.331804 sec
2.260000, 0.583566 0.330779 sec
2.280000, 0.546073 0.331697 sec
2.300000, 0.564579 0.330449 sec
2.320000, 0.493813 0.331670 sec
2.340000, 0.521566 0.330484 sec
2.360000, 0.500248 0.332694 sec
2.380000, 0.526986 0.330973 sec
2.400000, 0.478463 0.332395 sec
2.420000, 0.516829 0.331082 sec
2.440000, 0.480292 0.332396 sec
2.460000, 0.496209 0.330642 sec
2.480000, 0.468890 0.332248 sec
1.200000, 1.940737 0.331156 sec
1.220000, 0.806286 0.331777 sec
1.240000, 0.725071 0.331124 sec
1.260000, 1.971664 0.331831 sec
1.280000, 1.830290 0.330730 sec
1.300000, 0.808188 0.332256 sec
1.320000, 1.007731 0.330884 sec
1.340000, 0.754183 0.332257 sec
1.360000, 0.860626 0.330249 sec
1.380000, 1.077017 0.331907 sec
1.400000, 3.486235 0.330906 sec
1.420000, 0.788078 0.332085 sec
1.440000, 0.990886 0.331244 sec
1.460000, 2.127065 0.331866 sec
1.480000, 1.224979 0.331195 sec
1.500000, 1.281631 0.331613 sec
1.520000, 1.345892 0.330942 sec
1.540000, 1.462353 0.331735 sec
1.560000, 2.597162 0.330633 sec
1.580000, 1.349075 0.332159 sec
1.600000, 1.834362 0.331305 sec
1.620000, 2.198464 0.332089 sec
1.640000, 1.767571 0.330925 sec
1.660000, 1.741326 0.331980 sec
1.680000, 1.805420 0.330795 sec
1.700000, 2.002858 0.332231 sec
1.720000, 2.003185 0.332018 sec
1.740000, 2.265768 0.332115 sec
1.760000, 1.713127 0.332220 sec
1.780000, 2.537901 0.332040 sec
1.800000, 2.302676 0.331889 sec
1.820000, 1.555108 0.330905 sec
1.840000, 2.028670 0.331969 sec
1.860000, 1.969500 0.330957 sec
1.880000, 2.085622 0.332253 sec
1.900000, 2.158534 0.331272 sec
1.920000, 2.052424 0.332306 sec
1.940000, 2.143177 0.331501 sec
1.960000, 1.952684 0.332061 sec
1.980000, 1.713591 0.331330 sec
2.000000, 1.670524 0.332061 sec
2.020000, 1.601467 0.330790 sec
2.040000, 1.357713 0.332210 sec
2.060000, 1.444505 0.331241 sec
2.080000, 1.536934 0.331846 sec
2.100000, 1.249406 0.331055 sec
2.120000, 1.450713 0.332366 sec
2.140000, 1.173716 0.331317 sec
2.160000, 1.330460 0.331978 sec
2.180000, 1.101602 0.331433 sec
2.200000, 1.042135 0.331911 sec
2.220000, 0.968238 0.331027 sec
2.240000, 1.017218 0.331195 sec
2.260000, 1.028687 0.332180 sec
2.280000, 1.036327 0.330602 sec
2.300000, 1.007771 0.332306 sec
2.320000, 0.868778 0.330832 sec
2.340000, 0.910600 0.332488 sec
2.360000, 0.897099 0.331898 sec
2.380000, 0.876332 0.331789 sec
2.400000, 0.804853 0.331994 sec
2.420000, 0.780777 0.329613 sec
2.440000, 0.696851 0.332246 sec
2.460000, 0.785309 0.331425 sec
2.480000, 0.686291 0.331981 sec
2.500000, 0.806692 0.329666 sec
2.520000, 0.692686 0.331949 sec
2.540000, 0.680182 0.331579 sec
2.560000, 0.643614 0.332256 sec
2.580000, 0.664620 0.331077 sec
2.600000, 0.658397 0.331985 sec
2.620000, 0.634818 0.331455 sec
2.640000, 0.611565 0.332062 sec
2.660000, 0.604043 0.330808 sec
2.680000, 0.611879 0.331825 sec
1.400000, 0.797907 0.331088 sec
1.420000, 0.822066 0.332464 sec
1.440000, 1.516498 0.331057 sec
1.460000, 1.372568 0.332041 sec
1.480000, 1.403703 0.331294 sec
1.500000, 0.865480 0.331904 sec
1.520000, 0.749585 0.331398 sec
1.540000, 0.975223 0.331031 sec
1.560000, 0.991851 0.332304 sec
1.580000, 1.483974 0.332911 sec
1.600000, 1.968294 0.332189 sec
1.620000, 1.508333 0.330506 sec
1.640000, 1.636467 0.331321 sec
1.660000, 1.036944 0.331079 sec
1.680000, 1.458804 0.331923 sec
1.700000, 1.497620 0.330818 sec
1.720000, 1.606543 0.331916 sec
1.740000, 1.294726 0.331285 sec
1.760000, 1.424296 0.332075 sec
1.780000, 1.736885 0.331497 sec
1.800000, 1.305175 0.332061 sec
1.820000, 1.588814 0.330915 sec
1.840000, 2.029614 0.332183 sec
1.860000, 1.821074 0.331257 sec
1.880000, 2.775644 0.331956 sec
1.900000, 1.829618 0.331768 sec
1.920000, 2.359499 0.330877 sec
1.940000, 1.633395 0.331626 sec
1.960000, 2.371360 0.331705 sec
1.980000, 1.799444 0.332263 sec
2.000000, 1.917794 0.331708 sec
2.020000, 1.855806 0.332113 sec
2.040000, 1.998315 0.331018 sec
2.060000, 1.807559 0.332039 sec
2.080000, 2.057583 0.331860 sec
2.100000, 2.186049 0.332412 sec
2.120000, 1.935158 0.331800 sec
2.140000, 1.895591 0.331955 sec
2.160000, 1.776870 0.330688 sec
2.180000, 1.691518 0.332139 sec
2.200000, 1.656743 0.330949 sec
2.220000, 1.616185 0.332035 sec
2.240000, 1.544991 0.331219 sec
2.260000, 1.600213 0.332319 sec
2.280000, 1.880072 0.331622 sec
2.300000, 1.575378 0.332079 sec
2.320000, 1.545998 0.332174 sec
2.340000, 1.477752 0.331326 sec
2.360000, 1.538847 0.332004 sec
2.380000, 1.451264 0.331266 sec
2.400000, 1.400310 0.331824 sec
2.420000, 1.271922 0.331249 sec
2.440000, 1.424258 0.331418 sec
2.460000, 1.445424 0.331299 sec
2.480000, 1.173953 0.331788 sec
2.500000, 1.078120 0.327945 sec
2.520000, 1.102160 0.332019 sec
2.540000, 0.966541 0.331166 sec
2.560000, 1.048845 0.331848 sec
2.580000, 1.090556 0.331030 sec
2.600000, 0.853751 0.331994 sec
2.620000, 0.963087 0.331163 sec
2.640000, 0.902765 0.331831 sec
2.660000, 0.839408 0.330884 sec
2.680000, 0.879672 0.332329 sec
2.700000, 0.887243 0.329092 sec
2.720000, 0.799713 0.331347 sec
2.740000, 0.767345 0.331925 sec
2.760000, 0.783651 0.330965 sec
2.780000, 0.773340 0.332196 sec
2.800000, 0.809299 0.331385 sec
2.820000, 0.688838 0.332045 sec
2.840000, 0.729207 0.331033 sec
2.860000, 0.655929 0.331979 sec
2.880000, 0.683708 0.330928 sec
2.900000, 0.652913 0.332064 sec
2.920000, 0.632815 0.331053 sec
2.940000, 0.671190 0.332172 sec
2.960000, 0.596091 0.331426 sec
2.980000, 0.598758 0.332056 sec
1.500000, 0.000000 0.330588 sec
1.520000, 0.000000 0.331737 sec
1.540000, 0.000000 0.330661 sec
1.560000, 0.000000 0.331856 sec
1.580000, 0.000000 0.330386 sec
1.600000, 0.000000 0.331698 sec
1.620000, 0.000000 0.330535 sec
1.640000, 0.000000 0.331425 sec
1.660000, 0.000000 0.330920 sec
1.680000, 0.000000 0.331897 sec
1.700000, 0.000000 0.331532 sec
1.720000, 0.000000 0.331872 sec
1.740000, 0.000000 0.330661 sec
1.760000, 0.000000 0.331518 sec
1.780000, 0.000000 0.330940 sec
1.800000, 0.000000 0.331682 sec
1.820000, 0.000000 0.331752 sec
1.840000, 0.000000 0.331648 sec
1.860000, 0.000000 0.331115 sec
1.880000, 0.000000 0.331490 sec
1.900000, 0.000000 0.330871 sec
1.920000, 0.000000 0.331675 sec
1.940000, 0.000000 0.331705 sec
1.960000, 0.000000 0.331872 sec
1.980000, 0.000000 0.331263 sec
2.000000, 0.000000 0.331773 sec
2.020000, 0.000000 0.331887 sec
2.040000, 0.000000 0.331478 sec
2.060000, 0.000000 0.330824 sec
2.080000, 0.000000 0.331543 sec
2.100000, 0.000000 0.330444 sec
2.120000, 0.000000 0.331655 sec
2.140000, 0.000000 0.330584 sec
2.160000, 0.000000 0.331767 sec
2.180000, 0.000000 0.330672 sec
2.200000, 0.000000 0.331614 sec
2.220000, 0.000000 0.330074 sec
2.240000, 0.000000 0.332015 sec
2.260000, 0.000000 0.331151 sec
2.280000, 0.000000 0.331895 sec
2.300000, 0.000000 0.331018 sec
2.320000, 0.000000 0.331789 sec
2.340000, 0.000000 0.331073 sec
2.360000, 0.000000 0.331658 sec
2.380000, 0.000000 0.330820 sec
2.400000, 0.000000 0.331612 sec
2.420000, 0.000000 0.330338 sec
2.440000, 0.000000 0.331713 sec
2.460000, 0.000000 0.331131 sec
2.480000, 0.000000 0.331981 sec
2.500000, 0.000000 0.330969 sec
2.520000, 0.000000 0.331997 sec
2.540000, 0.000000 0.330909 sec
2.560000, 0.000000 0.332117 sec
2.580000, 0.000000 0.330933 sec
2.600000, 0.000000 0.331915 sec
2.620000, 0.000000 0.330969 sec
2.640000, 0.000000 0.331623 sec
2.660000, 0.000000 0.331183 sec
2.680000, 0.000000 0.331965 sec
2.700000, 0.000000 0.330540 sec
2.720000, 0.000000 0.331617 sec
2.740000, 0.000000 0.330701 sec
2.760000, 0.000000 0.331952 sec
2.780000, 0.000000 0.330753 sec
2.800000, 0.000000 0.331854 sec
2.820000, 0.000000 0.330688 sec
2.840000, 0.000000 0.331691 sec
2.860000, 0.000000 0.330533 sec
2.880000, 0.000000 0.331860 sec
2.900000, 0.000000 0.330098 sec
2.920000, 0.000000 0.332033 sec
2.940000, 0.000000 0.331294 sec
2.960000, 0.000000 0.331554 sec
2.980000, 0.000000 0.331612 sec
